2459601.8201   12.330    0.024    3.740
2459601.8209   12.320    0.008    3.600
2459601.8217   12.334    0.025    3.670
2459601.8225   12.290    0.026    4.050
2459601.8234   12.301    0.008    4.110
2459601.8242   12.310    0.007    4.010
2459601.8250   12.328    0.017    4.120
2459601.8258   12.299    0.019    3.960
2459601.8266   12.316    0.017    3.990
2459601.8274   12.309    0.017    3.920
2459601.8282   12.343    0.027    3.840
2459601.8291   12.322    0.023    3.920
2459601.8299   12.327    0.023    3.720
2459601.8307   12.344    0.019    3.900
2459601.8315   12.316    0.017    3.920
2459601.8324   12.332    0.006    3.770
2459601.8332   12.332    0.006    3.910
2459601.8340   12.326    0.015    4.030
2459601.8350   12.327    0.021    4.050
2459601.8358   12.326    0.028    4.120
2459601.8366   12.317    0.025    4.080
2459601.8374   12.324    0.005    4.220
2459601.8384   12.357    0.026    4.090
2459601.8392   12.319    0.016    4.180
2459601.8400   12.324    0.028    4.190
2459602.8138   12.418    0.007    3.750
2459602.8146   12.402    0.011    3.740
2459602.8154   12.431    0.000    3.560
2459602.8162   12.414    0.032    3.680
2459602.8170   12.429    0.016    3.590
2459602.8178   12.426    0.014    3.660
2459602.8186   12.423    0.022    3.800
2459602.8194   12.411    0.012    3.740
2459602.8203   12.405    0.013    3.880
2459602.8211   12.420    0.034    3.740
2459602.8220   12.413    0.037    3.910
2459602.8228   12.396    0.019    4.090
2459602.8236   12.467    0.023    3.970
2459602.8245   12.434    0.031    3.980
2459602.8253   12.415    0.026    3.980
2459602.8261   12.436    0.019    3.820
2459602.8270   12.396    0.029    3.780
2459602.8278   12.394    0.011    3.840
2459602.8287   12.422    0.019    3.840
2459602.8295   12.433    0.020    3.860
2459602.8303   12.434    0.032    3.810
2459602.8311   12.372    0.032    3.860
2459602.8319   12.408    0.023    3.990
2459602.8328   12.424    0.024    3.880
2459602.8336   12.424    0.018    3.910
2459603.8350   12.524    0.032    3.570
2459603.8358   12.524    0.014    3.620
2459603.8366   12.538    0.025    3.670
2459603.8373   12.547    0.021    3.500
2459603.8381   12.532    0.019    3.580
2459603.8389   12.553    0.018    3.890
2459603.8398   12.531    0.029    4.220
2459603.8407   12.548    0.016    3.790
2459603.8415   12.532    0.027    3.880
2459603.8423   12.529    0.023    3.950
2459603.8431   12.546    0.023    3.930
2459603.8439   12.544    0.015    3.940
2459603.8447   12.547    0.021    4.000
2459603.8455   12.543    0.011    4.100
2459603.8463   12.523    0.040    4.090
2459603.8471   12.549    0.006    4.020
2459603.8480   12.513    0.023    4.120
2459603.8487   12.529    0.025    4.060
2459603.8495   12.516    0.020    3.860
2459603.8504   12.524    0.012    4.110
2459603.8512   12.518    0.019    3.890
2459603.8520   12.526    0.010    4.090
2459603.8527   12.522    0.006    3.840
2459603.8535   12.520    0.008    3.900
2459603.8543   12.534    0.027    4.080
2459604.8347   12.708    0.028    4.060
2459604.8355   12.750    0.020    3.680
2459604.8363   12.759    0.042    3.930
2459604.8371   12.736    0.028    3.870
2459604.8379   12.758    0.079    3.920
2459604.8387   12.767    0.020    3.970
2459604.8395   12.728    0.048    4.150
2459604.8403   12.723    0.010    4.020
2459604.8411   12.703    0.010    3.880
2459604.8419   12.771    0.018    3.590
2459604.8427   12.732    0.026    3.720
2459604.8436   12.690    0.043    3.880
2459604.8444   12.758    0.025    3.890
2459604.8452   12.721    0.030    3.660
2459604.8460   12.761    0.008    3.970
2459604.8468   12.732    0.040    4.110
2459604.8477   12.684    0.029    3.880
2459604.8485   12.733    0.033    4.180
2459604.8502   12.719    0.036    4.180
2459604.8511   12.673    0.020    4.520
2459604.8522   12.686    0.022    4.520
2459604.8530   12.752    0.049    4.650
2459604.8538   12.736    0.035    4.400
2459604.8546   12.694    0.026    4.700
2459605.8254   12.770    0.067    3.930
2459605.8262   12.816    0.066    3.960
2459605.8271   12.829    0.116    3.910
2459605.8279   12.786    0.098    4.060
2459605.8287   12.762    0.088    4.030
2459605.8296   12.838    0.092    3.980
2459605.8305   12.779    0.116    4.010
2459605.8313   12.798    0.062    4.000
2459605.8322   12.769    0.058    4.090
2459605.8330   12.808    0.098    3.990
2459605.8338   12.800    0.068    3.830
2459605.8346   12.806    0.072    4.040
2459605.8355   12.770    0.058    4.060
2459605.8363   12.808    0.082    4.020
2459605.8371   12.760    0.084    4.010
2459605.8380   12.785    0.051    3.900
2459605.8389   12.824    0.114    4.030
2459605.8397   12.778    0.110    3.970
2459605.8406   12.770    0.088    4.000
2459605.8414   12.818    0.101    4.010
2459605.8422   12.802    0.107    4.090
2459605.8431   12.778    0.051    4.050
2459605.8439   12.816    0.095    3.980
2459605.8447   12.835    0.138    4.060
2459605.8456   12.830    0.080    3.710
