2459600.5805    9.547    0.060    4.720
2459600.5832    9.561    0.038    4.200
2459600.6089    9.489    0.058    4.630
2459601.5496    9.519    0.048    5.630
2459601.5709    9.543    0.029    5.400
2459601.5793    9.554    0.046    6.410
2459601.6073    9.530    0.032    6.070
2459602.2093    9.560    0.028    7.520
2459604.5631    9.914    0.037    5.520
2459604.6186    9.890    0.048    3.540
2459604.8308    9.998    0.146    6.310
2459604.8410    9.904    0.027    5.380
2459606.7858   10.442    0.020    6.320
2459611.1597   11.154    0.037    4.460
2459611.2607   11.183    0.016    3.580
2459614.5153   11.441    0.028    5.070
2459616.5081   11.627    0.037    4.280
2459616.7760   11.602    0.025    5.730
2459617.5034   11.689    0.036    4.430
2459618.2030   11.784    0.038    4.500
2459618.5154   11.734    0.025    3.930
2459620.5188   11.835    0.020    4.750
2459621.2032   11.884    0.018    6.190
2459621.8250   11.912    0.015    5.310
2459622.4942   11.928    0.021    5.600
2459622.8555   11.960    0.014    5.150
2459624.1531   12.028    0.026    8.220
2459624.5037   12.053    0.030    6.530
2459624.8193   12.042    0.019    5.780
2459625.1544   12.078    0.023    7.170
2459625.8218   12.089    0.018    5.010
2459626.1525   12.122    0.020    5.570
2459626.8211   12.131    0.018    5.520
2459627.1524   12.142    0.059    4.330
2459627.5506   12.144    0.024    6.230
2459628.1653   12.173    0.027    3.480
2459628.6359   12.175    0.039    4.080
2459628.8213   12.196    0.022    5.300
2459629.1547   12.226    0.020    5.590
2459629.7894   12.224    0.042    6.000
2459630.5434   12.262    0.027    3.790
2459630.8069   12.247    0.039    5.050
2459631.5574   12.316    0.127    3.270
2459631.7879   12.306    0.016    5.060
2459632.1156   13.389    1.192    5.720
2459632.5379   12.341    0.039    4.390
2459632.8865   12.316    0.017    5.250
2459633.5395   12.356    0.028    5.170
2459633.8204   12.356    0.018    3.510
2459634.5381   12.361    0.024    6.600
2459634.7969   12.379    0.013    3.560
2459635.8163   12.402    0.017    5.350
2459637.4760   12.464    0.022    6.270
2459637.5528   12.452    0.029    5.220
2459638.7998   12.491    0.016    6.590
2459639.5157   12.527    0.032    3.620
2459640.4901   12.523    0.037    3.770
2459641.7415   12.556    0.021    3.690
2459644.2254   12.591    0.020    7.010
2459644.7341   12.606    0.020    6.200
2459645.7254   12.618    0.029    5.070
2459646.7453   12.649    0.018    5.800
2459647.7277   12.660    0.019    5.730
2459648.2398   12.684    0.016    4.450
2459649.0637   12.696    0.019    5.260
2459651.6650   12.711    0.048    5.090
2459651.8041   12.710    0.015    3.530
2459652.1172   12.760    0.019    5.100
2459652.6569   12.724    0.024    4.160
2459652.7848   12.745    0.018    5.190
2459653.2878   12.754    0.017    4.600
2459653.8944   12.756    0.017    5.330
2459654.4521   12.780    0.038    5.730
2459655.4505   12.788    0.025    4.710
2459656.4513   12.800    0.028    3.590
2459656.7882   12.804    0.293    3.500
2459659.5327   12.826    0.022    3.650
2459660.5313   12.812    0.025    5.660
2459660.7838   12.818    0.054    3.530
2459661.1172   12.849    0.019    4.640
2459661.7852   12.857    0.031    4.120
2459662.6304   12.852    0.033    5.580
2459662.7884   12.850    0.027    4.650
2459665.8351   12.890    0.023    3.260
2459666.6256   12.904    0.052    4.370
2459667.6434   12.894    0.022    4.720
2459669.6998   12.910    0.015    3.690
2459670.6477   12.895    0.026    4.970
2459671.6110   12.949    0.020    3.940
2459672.0120   12.959    0.021    3.600
2459672.2867   12.946    0.018    3.600
2459673.4088   12.951    0.033    4.640
2459673.9882   12.954    0.017    3.070
2459674.6722   12.938    0.017    3.230
2459674.9917   12.948    0.019    3.670
2459675.6617   12.927    0.068    4.080
2459677.6165   12.975    0.017    3.630
2459677.8140   12.988    0.041    2.870
2459678.8386   12.983    0.027    4.670
2459680.1018   13.001    0.023    4.870
2459680.5750   12.977    0.042    3.700
2459681.0473   13.020    0.018    5.200
2459681.7137   12.996    0.018    3.590
2459682.0821   13.009    0.024    2.670
2459682.7207   13.002    0.023    4.170
2459683.6192   12.987    0.029    4.460
2459684.5714   12.980    0.032    4.320
2459684.7138   13.018    0.032    3.630
2459685.8389   13.015    0.024    3.340
2459686.2475   13.043    0.028    6.060
2459686.8107   13.024    0.024    2.930
2459687.2626   13.036    0.019    5.460
2459687.7346   13.044    0.038    4.630
2459688.2372   13.029    0.019    5.630
2459688.5885   13.035    0.024    4.610
2459689.4151   13.029    0.027    3.670
2459690.0680   13.044    0.023    5.410
2459690.4118   13.031    0.101    4.190
2459690.7346   12.980    0.061    4.250
2459691.4013   13.033    0.021    5.110
2459693.8318   13.042    0.023    3.260
2459694.7866   13.054    0.024    4.000
2459695.5646   13.048    0.016    6.000
2459696.8701   13.062    0.020    5.640
2459697.5470   13.058    0.026    4.410
2459698.6547   13.084    0.034    4.360
2459699.6509   13.031    0.051    3.330
2459702.8498   13.097    0.016    3.670
2459704.4846   13.098    0.017    3.310
2459705.7763   13.035    0.085    4.060
2459706.5188   13.070    0.035    4.130
2459708.8729   13.086    0.036    4.310
2459709.5090   13.022    0.052    4.260
2459711.5973   13.098    0.030    3.430
2459712.4846   13.172    0.246    4.270
2459713.4915   13.119    0.023    7.140
2459714.4847   13.110    0.028    5.430
2459715.4847   13.101    0.036    3.980
2459716.4845   13.092    0.044    4.310
2459717.5262   13.082    0.024    6.180
2459731.9770   13.127    0.023    4.580
2459735.2274   13.131    0.021    4.430
2459755.4809   13.137    0.035    5.070
2459788.5990   13.137    0.035    4.460
2459788.6097   13.139    0.023    4.510
2459788.8631   13.141    0.016    5.620
2459789.3630   13.152    0.054    4.380
2459789.8562   13.164    0.016    4.470
2459789.8595   13.153    0.016    4.160
2459790.5332   13.147    0.027    5.590
2459790.9640   13.155    0.016    4.070
2459791.3107   13.233    0.169    3.630
2459792.2069   13.205    0.028    4.670
2459792.2346   13.131    0.023    4.340
2459792.4900   13.145    0.018    4.950
2459805.5923   13.103    0.048    4.630
2459812.3146   13.170    0.036    4.330
2459819.5653   13.154    0.026    3.400
2459826.2449   13.144    0.028    6.150
2459833.2869   13.162    0.023    5.750
