2459605.2299   12.825    0.053    4.520
2459605.2322   12.828    0.052    4.690
2459605.2344   12.814    0.060    5.060
2459605.2366   12.817    0.052    4.500
2459605.2389   12.833    0.054    4.580
2459605.2411   12.827    0.054    4.610
2459605.2433   12.820    0.050    4.490
2459605.2456   12.813    0.054    5.200
2459605.2478   12.829    0.056    4.630
2459605.2500   12.824    0.052    4.450
2459605.2523   12.831    0.052    4.500
2459605.2545   12.838    0.053    4.770
2459605.2567   12.833    0.051    4.660
2459605.2590   12.837    0.043    4.610
2459605.2612   12.838    0.055    4.660
2459605.2634   12.823    0.052    4.620
2459605.2657   12.845    0.050    5.010
2459605.2679   12.832    0.050    5.280
2459605.2702   12.831    0.045    4.750
2459605.2724   12.837    0.046    4.690
2459605.2772   12.838    0.046    4.710
2459605.2794   12.844    0.051    5.500
2459605.2816   12.840    0.049    5.350
2459605.2839   12.843    0.044    4.550
2459605.2861   12.862    0.051    5.410
2459605.2883   12.857    0.047    5.560
2459605.2906   12.849    0.044    4.640
2459605.2928   12.849    0.049    5.250
2459605.2950   12.866    0.055    4.980
2459605.2973   12.855    0.048    4.510
2459605.2995   12.846    0.043    4.710
2459605.3017   12.858    0.047    4.620
2459605.3040   12.864    0.054    5.430
2459605.3062   12.862    0.043    4.660
2459605.3084   12.853    0.052    5.560
2459605.3107   12.860    0.048    5.030
2459605.3129   12.866    0.051    5.280
2459605.3151   12.864    0.048    4.650
2459605.3174   12.866    0.042    4.570
2459605.3196   12.870    0.046    4.640
2459605.3244   12.870    0.044    4.210
2459605.3266   12.872    0.049    4.150
2459605.3289   12.861    0.046    4.200
2459605.3311   12.873    0.044    4.640
2459605.3334   12.874    0.047    4.560
2459605.3356   12.871    0.042    4.270
2459605.3378   12.877    0.047    4.160
2459605.3401   12.873    0.048    4.440
2459605.3423   12.867    0.045    4.450
2459605.3446   12.865    0.046    4.350
2459605.3468   12.863    0.042    4.100
2459605.3490   12.878    0.045    4.160
2459605.3513   12.867    0.048    4.450
2459605.3535   12.868    0.041    4.160
2459605.3558   12.867    0.043    4.000
2459605.3580   12.870    0.048    4.270
2459605.3602   12.869    0.050    4.310
2459605.3625   12.868    0.050    4.540
2459606.2270   13.080    0.073    5.770
2459606.2292   13.080    0.069    6.980
2459606.2315   13.098    0.068    6.090
2459606.2337   13.105    0.067    6.040
2459606.2359   13.100    0.071    6.210
2459606.2382   13.114    0.065    6.310
2459606.2404   13.100    0.063    5.380
2459606.2427   13.108    0.062    5.660
2459606.2449   13.076    0.071    5.500
2459606.2471   13.130    0.065    5.370
2459606.2494   13.091    0.065    5.660
2459606.2516   13.110    0.066    6.120
2459606.2538   13.082    0.055    5.180
2459606.2561   13.097    0.055    5.300
2459606.2583   13.092    0.059    5.340
2459606.2605   13.116    0.061    5.510
2459606.2628   13.102    0.058    5.230
2459606.2650   13.090    0.061    5.400
2459606.2672   13.112    0.065    6.150
2459606.2695   13.110    0.061    5.610
2459606.2739   13.123    0.071    5.680
2459606.2762   13.121    0.058    6.160
2459606.2784   13.125    0.163    8.270
2459606.2806   13.122    0.061    5.650
2459606.2829   13.119    0.064    5.480
2459606.2851   13.110    0.053    5.220
2459606.2873   13.110    0.058    5.400
2459606.2896   13.112    0.062    5.360
2459606.2918   13.188    0.061    4.820
2459606.2941   13.129    0.095    5.350
2459606.2963   13.147    0.124    5.270
2459606.2985   13.084    0.149    5.500
2459606.3008   13.108    0.133    5.460
2459606.3030   13.143    0.113    5.360
2459606.3052   13.148    0.095    4.660
2459606.3075   13.125    0.134    5.190
2459606.3097   13.142    0.113    5.340
2459606.3119   13.164    0.118    4.690
2459606.3164   13.180    0.099    4.610
2459606.3225   13.189    0.182    4.180
2459606.3247   13.153    0.081    4.750
2459606.3382   13.129    0.076    4.560
2459606.3404   13.106    0.076    4.560
2459606.3426   13.123    0.051    4.090
2459606.3449   13.125    0.040    4.060
2459606.3471   13.118    0.044    4.180
2459606.3493   13.116    0.051    4.290
2459606.3516   13.103    0.046    4.640
2459606.3538   13.113    0.047    4.220
2459606.3560   13.128    0.049    4.250
2459606.3583   13.133    0.049    4.160
2459606.3605   13.126    0.056    4.350
2459606.3627   13.139    0.052    4.370
2459607.2846   13.267    0.048    5.750
2459607.2868   13.227    0.046    7.040
2459607.2891   13.220    0.044    6.490
2459607.2913   13.225    0.046    6.000
2459607.2935   13.211    0.047    7.710
2459607.2958   13.287    0.046    5.570
2459607.2980   13.214    0.042    6.280
2459607.3002   13.217    0.045    7.260
2459607.3025   13.219    0.045    6.730
2459607.3047   13.202    0.056    7.760
2459607.3069   13.187    0.047    7.200
2459607.3092   13.276    0.046    5.540
2459607.3114   13.270    0.044    5.730
2459607.3136   13.200    0.042    6.270
2459607.3159   13.207    0.040    6.590
2459607.3181   13.219    0.045    6.770
2459607.3204   13.342    0.043    5.320
2459607.3226   13.363    0.038    5.130
2459607.3248   13.387    0.041    4.730
2459607.3270   13.385    0.034    4.490
2459607.3323   13.340    0.043    5.330
2459607.3345   13.359    0.044    5.240
2459607.3367   13.382    0.045    4.980
2459607.3390   13.382    0.041    5.210
2459607.3412   13.367    0.045    5.160
2459607.3434   13.352    0.041    5.290
2459607.3457   13.344    0.040    5.260
2459607.3479   13.330    0.044    5.360
2459607.3501   13.238    0.045    6.010
2459607.3524   13.290    0.042    5.620
2459607.3546   13.278    0.043    5.760
2459607.3568   13.352    0.040    5.250
2459607.3591   13.340    0.039    5.330
2459607.3613   13.294    0.044    5.470
2459607.3635   13.404    0.045    4.740
2459609.3271   13.665    0.047    4.350
2459609.3294   13.682    0.047    4.360
2459609.3316   13.710    0.049    4.210
2459609.3338   13.664    0.051    4.120
2459609.3361   13.664    0.052    4.390
2459609.3383   13.674    0.057    4.630
2459609.3405   13.651    0.056    4.480
2459609.3428   13.676    0.050    4.320
2459609.3450   13.680    0.047    4.320
2459609.3472   13.676    0.053    4.620
2459609.3495   13.700    0.057    4.510
2459609.3517   13.677    0.049    4.180
2459609.3539   13.691    0.045    4.180
2459609.3562   13.690    0.052    4.090
2459609.3584   13.677    0.053    4.060
2459609.3606   13.670    0.048    3.990
2459609.3629   13.688    0.051    3.990
2459609.3651   13.648    0.051    4.150
2459610.3108   13.782    0.042    5.090
2459610.3130   13.793    0.044    4.390
2459610.3153   13.782    0.041    4.460
2459610.3175   13.786    0.045    4.580
2459610.3197   13.806    0.042    4.290
2459610.3220   13.788    0.046    4.630
2459610.3242   13.790    0.039    4.190
2459610.3264   13.791    0.044    4.430
2459610.3287   13.787    0.041    4.490
2459610.3309   13.793    0.042    4.140
2459610.3332   13.793    0.043    5.040
2459610.3354   13.776    0.042    5.080
2459610.3376   13.791    0.043    5.160
2459610.3398   13.789    0.045    4.590
2459610.3421   13.814    0.041    4.090
2459610.3443   13.787    0.043    4.450
2459610.3466   13.781    0.043    4.180
2459610.3488   13.793    0.043    4.540
2459610.3510   13.811    0.048    4.660
2459610.3533   13.793    0.043    4.580
2459610.3584   13.794    0.044    4.610
2459610.3607   13.795    0.044    4.290
2459610.3629   13.790    0.039    4.610
2459610.3651   13.779    0.052    4.580
2459610.3674   13.776    0.038    4.450
2459611.3132   13.863    0.055    6.630
2459611.3155   13.902    0.063    7.770
2459611.3177   13.814    0.099    8.600
2459611.3199   13.877    0.070    6.720
2459611.3222   13.914    0.075    7.620
2459611.3244   13.906    0.078    6.750
2459611.3266   13.902    0.083    7.420
2459611.3289   13.810    0.094    7.560
2459611.3311   13.900    0.079    7.730
2459611.3333   13.873    0.070    7.170
2459611.3356   13.849    0.064    6.470
2459611.3378   13.896    0.064    7.260
2459611.3400   13.856    0.069    7.110
2459611.3423   13.891    0.046    6.000
2459611.3445   13.879    0.055    6.700
2459611.3467   13.883    0.049    5.630
2459611.3490   13.861    0.059    6.600
2459611.3512   13.895    0.054    6.680
2459611.3534   13.893    0.056    6.340
2459611.3557   13.847    0.061    6.440
2459611.3609   13.862    0.069    6.410
2459611.3631   13.852    0.061    6.360
2459611.3654   13.918    0.063    6.710
2459611.3676   13.883    0.082    6.390
2459612.3072   13.943    0.044    8.680
2459612.3094   13.947    0.048    8.460
2459612.3117   13.944    0.058    9.740
2459612.3139   13.966    0.058    9.220
2459612.3161   13.941    0.052    8.960
2459612.3184   13.968    0.050    9.310
2459612.3206   13.957    0.049    8.720
2459612.3228   13.958    0.054    9.420
2459612.3251   13.965    0.051    9.240
2459612.3273   13.937    0.056    9.660
2459612.3295   13.959    0.051    9.040
2459612.3318   13.946    0.057   10.440
2459612.3340   13.940    0.053    9.750
2459612.3362   13.954    0.056    9.540
2459612.3385   13.939    0.060    9.560
2459612.3407   13.960    0.055   10.430
2459612.3429   13.949    0.056    9.500
2459612.3452   13.976    0.058   10.200
2459612.3474   13.954    0.064   11.320
2459612.3496   13.939    0.047    8.770
2459612.3544   13.958    0.064    9.720
2459612.3566   13.948    0.057    9.810
2459612.3589   13.940    0.046    9.530
2459612.3611   13.925    0.054    9.160
2459612.3633   13.975    0.050    9.590
2459612.3656   13.948    0.048    9.210
2459612.3678   13.939    0.049    8.780
2459614.3656   14.173    0.048    5.410
2459614.3679   14.161    0.065    6.260
2459614.3701   14.157    0.043    5.670
