2459601.0279    9.565    0.019    7.220
2459601.0304    9.541    0.050    6.120
2459601.0330    9.547    0.051    6.110
2459601.0356    9.537    0.059    6.090
2459601.0381    9.563    0.048    6.810
2459601.0407    9.564    0.054    7.200
2459601.0432    9.565    0.049    6.650
2459601.0458    9.531    0.048    6.070
2459601.0484    9.539    0.054    5.670
2459601.0509    9.559    0.065    6.280
2459601.0535    9.563    0.048    6.460
2459601.0560    9.550    0.034    6.550
2459601.0586    9.557    0.048    6.730
2459601.0660    9.559    0.031    7.200
2459601.0686    9.543    0.043    5.320
2459601.0712    9.537    0.073    5.660
2459601.0737    9.551    0.034    6.320
2459601.0763    9.558    0.045    5.990
2459601.0788    9.547    0.058    6.050
2459601.0814    9.539    0.052    6.190
2459601.0865    9.543    0.036    5.380
2459601.0891    9.556    0.042    5.520
2459601.0917    9.553    0.040    5.670
2459601.0942    9.567    0.045    6.080
2459601.0972    9.523    0.062    5.250
2459601.0998    9.559    0.043    5.410
2459601.1024    9.539    0.036    5.130
2459601.1049    9.531    0.037    5.110
2459601.1078    9.548    0.040    4.810
2459601.1104    9.534    0.051    4.770
2459601.1203    9.575    0.037    6.270
2459601.1228    9.518    0.057    4.630
2459601.1254    9.534    0.050    5.120
2459601.1279    9.547    0.040    5.400
2459601.1305    9.565    0.037    6.510
2459601.1331    9.547    0.043    5.570
2459601.1356    9.568    0.050    6.060
2459601.1382    9.515    0.050    5.330
2459601.1408    9.543    0.053    6.010
2459601.1450    9.529    0.054    5.270
2459601.1475    9.537    0.049    5.550
2459601.1500    9.531    0.045    5.100
2459601.1526    9.541    0.051    5.050
2459601.1551    9.533    0.050    4.700
2459601.1577    9.501    0.060    5.460
2459601.1636    9.529    0.057    5.190
2459601.1661    9.542    0.053    5.470
2459601.1769    9.533    0.055    5.530
2459601.1831    9.524    0.039    4.770
2459601.1855    9.533    0.050    5.320
2459601.1878    9.516    0.046    4.540
2459601.1901    9.513    0.040    5.010
2459602.0179    9.607    0.035    7.370
2459602.0214    9.591    0.025    7.370
2459602.0250    9.590    0.031    7.340
2459602.0286    9.588    0.035    7.290
2459602.0362    9.586    0.032    7.460
2459602.0397    9.588    0.038    6.660
2459602.0469    9.608    0.030    6.740
2459602.0548    9.591    0.039    7.070
2459602.0583    9.590    0.034    6.130
2459602.0619    9.588    0.036    6.350
2459602.0655    9.593    0.037    7.480
2459602.0690    9.588    0.042    6.650
2459602.0726    9.601    0.049    6.440
2459602.0912    9.577    0.048    5.750
2459602.0947    9.592    0.055    6.130
2459602.1054    9.601    0.036    6.270
2459602.1090    9.600    0.044    6.500
2459602.1162    9.595    0.046    6.230
2459602.1233    9.612    0.051    6.260
2459602.1269    9.603    0.047    6.050
2459602.1304    9.632    0.034    5.780
2459602.1375    9.603    0.037    5.290
2459602.1411    9.630    0.043    6.180
2459602.1482    9.598    0.044    5.520
2459602.1518    9.617    0.045    6.350
2459602.1554    9.617    0.039    6.250
2459602.1590    9.606    0.037    5.810
2459602.1661    9.611    0.042    5.580
2459602.1697    9.615    0.040    6.260
2459602.1768    9.605    0.046    6.830
2459602.1804    9.634    0.042    6.960
2459608.0270   10.784    0.043    6.060
2459608.0322   10.770    0.046    6.450
2459608.0354   10.790    0.037    6.680
2459608.0388   10.809    0.024    6.710
2459608.0453   10.803    0.033    6.230
2459608.0486   10.804    0.043    6.560
2459608.0552   10.798    0.043    6.830
2459608.0585   10.800    0.034    6.020
2459608.0617   10.794    0.039    7.040
2459608.0650   10.783    0.043    6.520
2459608.0683   10.824    0.039    7.270
2459608.0716   10.802    0.044    6.820
2459608.1529   10.810    0.039    5.560
2459608.1562   10.820    0.043    5.560
2459608.1627   10.814    0.046    5.430
2459608.1660   10.816    0.033    6.090
2459608.1693   10.806    0.040    4.750
2459608.1726   10.844    0.023    6.380
2459608.1880   10.825    0.037    5.330
2459614.0224   11.483    0.043    6.070
2459614.0224   11.483    0.043    6.070
2459624.0811   12.058    0.032    5.710
2459625.0754   12.089    0.040    5.120
2459625.9792   12.153    0.032    5.440
2459627.1902   12.207    0.042    5.540
2459628.1638   12.208    0.032    5.420
2459628.9605   12.255    0.047    6.450
2459629.9709   12.276    0.033    7.070
2459631.0469   12.327    0.030    5.650
2459632.0443   12.355    0.035    5.600
2459633.1491   12.380    0.032    5.260
2459636.0350   12.460    0.032    5.580
2459637.0748   12.467    0.043    5.060
2459638.1571   12.496    0.038    5.600
2459641.1120   12.580    0.032    5.200
2459642.1266   12.621    0.037    6.480
2459642.1266   12.515    0.039    6.480
2459642.1266   12.621    0.037    6.480
2459644.0319   12.639    0.033    5.200
2459645.0914   12.669    0.029    5.320
2459646.0416   12.676    0.031    5.240
2459652.0345   12.774    0.034    5.100
2459653.0021   12.784    0.030    4.330
2459655.2005   12.838    0.045    5.210
2459661.9789   12.888    0.046    6.810
2459664.2085   12.921    0.035    4.610
2459665.0064   12.934    0.019    5.190
2459666.0835   12.931    0.039    7.270
2459667.0611   12.943    0.037    5.180
2459668.0286   12.947    0.029    5.010
2459668.9658   12.956    0.027    5.890
2459670.9997   12.975    0.025    5.560
2459672.9402   12.978    0.029    4.790
2459676.9301   13.008    0.036    6.570
2459677.8537   13.020    0.032    7.550
2459678.9237   13.023    0.032    5.700
2459679.9749   13.038    0.034    6.450
2459683.2024   13.043    0.034    5.430
2459684.2132   13.035    0.042    6.570
2459692.0513   13.106    0.037    4.670
2459694.9982   13.087    0.032    5.380
2459696.9269   13.097    0.036    6.450
2459698.1355   13.111    0.038    5.580
2459699.0839   13.120    0.032    5.110
2459699.0839   13.120    0.032    5.110
2459699.0839   13.120    0.032    5.110
2459699.9265   13.102    0.042    5.630
2459704.9088   13.117    0.042    6.020
2459706.9435   13.121    0.040    5.380
2459707.9025   13.130    0.044    6.110
2459708.9389   13.128    0.035    5.420
