2459299.714530  14.929000  0.077000
2459299.715770  15.249000  0.104000
2459299.717010  15.078000  0.099000
2459299.744760  14.995000  0.081000
2459299.746000  15.044000  0.085000
2459299.747230  14.890000  0.070000
2459300.774080  15.088000  0.078000
2459300.775390  14.901000  0.063000
2459300.776690  15.002000  0.071000
2459300.791930  14.867000  0.085000
2459300.793170  15.065000  0.093000
2459300.794410  14.904000  0.065000
2459301.820410  15.166000  0.117000
2459301.821650  14.972000  0.108000
2459301.822890  14.904000  0.094000
2459303.855020  15.100000  0.134000
2459303.856240  14.808000  0.096000
2459303.857480  15.073000  0.123000
2459304.910560  15.023000  0.117000
2459304.911780  14.958000  0.107000
2459304.912990  14.892000  0.101000
2459306.787160  15.019000  0.078000
2459306.788400  14.857000  0.066000
2459306.789640  15.050000  0.078000
2459307.828090  14.533000  0.141000
2459307.829320  14.682000  0.144000
2459308.769510  14.704000  0.121000
2459309.630250  14.926000  0.056000
2459309.631480  14.898000  0.053000
2459309.632710  14.980000  0.053000
2459309.653130  14.957000  0.052000
2459309.654370  14.966000  0.055000
2459309.655610  14.820000  0.048000
2459310.802490  14.923000  0.042000
2459310.803780  14.929000  0.044000
2459310.805090  14.914000  0.040000
2459311.834200  14.923000  0.049000
2459311.835420  14.909000  0.057000
2459311.836640  14.924000  0.052000
2459311.857170  14.931000  0.042000
2459311.858430  14.944000  0.043000
2459311.859710  14.919000  0.042000
2459313.396430  14.857000  0.048000
2459313.397650  14.958000  0.054000
2459313.398880  14.926000  0.050000
2459314.508880  14.985000  0.052000
2459314.510150  14.871000  0.051000
2459314.511410  14.911000  0.059000
2459315.593730  14.943000  0.049000
2459315.594960  14.912000  0.053000
2459315.596180  14.992000  0.057000
2459317.594720  14.950000  0.045000
2459317.595990  14.901000  0.045000
2459317.597270  14.928000  0.045000
2459318.659790  14.816000  0.044000
2459318.661010  14.999000  0.054000
2459318.662260  14.873000  0.045000
2459319.645700  14.930000  0.050000
2459319.646930  14.921000  0.050000
2459319.648160  14.882000  0.048000
2459319.653140  14.843000  0.041000
2459319.654380  14.940000  0.049000
2459319.655620  14.900000  0.047000
2459320.599680  14.959000  0.055000
2459320.600920  14.957000  0.052000
2459320.602150  15.010000  0.057000
2459320.626230  14.907000  0.049000
2459320.627470  15.018000  0.055000
2459320.628700  14.918000  0.052000
2459321.612430  14.858000  0.052000
2459321.613660  14.867000  0.042000
2459321.614890  14.901000  0.051000
2459321.657840  14.885000  0.041000
2459321.659120  14.940000  0.044000
2459321.660410  14.918000  0.041000
2459322.619580  14.889000  0.042000
2459322.620880  14.903000  0.046000
2459322.622140  14.849000  0.039000
2459324.577510  14.902000  0.048000
2459324.578740  15.067000  0.071000
2459324.579980  15.006000  0.059000
2459324.729170  14.909000  0.057000
2459324.730400  14.931000  0.058000
2459324.731620  14.872000  0.048000
2459325.923310  14.984000  0.054000
2459325.924580  15.017000  0.062000
2459325.925860  15.083000  0.073000
2459327.578250  15.453000  0.168000
2459327.579510  14.805000  0.101000
2459327.580800  15.148000  0.132000
2459328.582580  15.308000  0.112000
2459328.583830  14.927000  0.085000
2459328.585060  14.933000  0.090000
2459329.605780  14.888000  0.084000
2459329.607020  14.772000  0.080000
2459329.608240  14.976000  0.101000
2459331.604870  14.969000  0.116000
2459331.606150  14.879000  0.101000
2459331.607440  14.948000  0.106000
2459331.645620  15.365000  0.178000
2459331.646850  15.099000  0.157000
2459331.648080  14.918000  0.137000
2459332.746190  15.207000  0.141000
2459332.747400  14.999000  0.122000
2459332.748630  15.188000  0.164000
2459333.546260  14.736000  0.091000
2459333.547490  15.084000  0.125000
2459333.548730  15.091000  0.122000
2459333.614470  15.109000  0.117000
2459333.615700  15.013000  0.120000
2459333.616920  15.072000  0.128000
2459336.529540  15.056000  0.069000
2459336.530770  14.994000  0.063000
2459336.532000  15.059000  0.062000
2459336.797450  14.792000  0.086000
2459336.798670  14.998000  0.107000
2459336.799910  14.827000  0.067000
2459337.822720  14.940000  0.047000
2459337.824000  14.964000  0.053000
2459337.825280  14.963000  0.057000
2459338.367160  14.622000  0.201000
2459338.707760  14.868000  0.041000
2459338.709020  14.928000  0.047000
2459338.710300  14.917000  0.044000
2459339.643410  14.762000  0.036000
2459339.644690  15.003000  0.044000
2459339.645970  14.941000  0.048000
2459340.275210  14.951000  0.056000
2459340.276450  15.048000  0.059000
2459340.277690  14.938000  0.061000
2459340.543790  14.874000  0.048000
2459340.546340  14.834000  0.040000
2459340.556450  14.884000  0.053000
2459340.557670  14.890000  0.047000
2459340.558890  14.818000  0.050000
2459341.283860  14.956000  0.055000
2459341.285080  14.954000  0.055000
2459341.286300  15.006000  0.065000
2459342.521000  14.949000  0.047000
2459342.522290  14.954000  0.049000
2459342.523570  14.911000  0.046000
2459343.458740  14.937000  0.060000
2459343.459970  14.955000  0.066000
2459343.461190  14.916000  0.066000
2459343.536840  14.999000  0.054000
2459343.538080  14.989000  0.059000
2459343.539300  14.904000  0.046000
2459345.440700  15.018000  0.062000
2459345.441920  14.987000  0.056000
2459345.443150  14.944000  0.048000
2459345.525480  14.880000  0.054000
2459345.526700  14.908000  0.056000
2459345.527920  14.974000  0.062000
2459347.298780  14.911000  0.051000
2459347.300010  15.009000  0.055000
2459347.301250  14.995000  0.055000
2459347.339950  14.959000  0.050000
2459347.341180  14.908000  0.046000
2459347.342410  14.921000  0.048000
2459347.595330  14.903000  0.052000
2459347.597100  14.933000  0.053000
2459347.598390  15.007000  0.061000
2459348.469480  15.024000  0.060000
2459348.470830  14.939000  0.048000
2459348.472220  15.000000  0.053000
2459351.490220  14.898000  0.045000
2459351.491530  14.947000  0.046000
2459351.492810  14.923000  0.045000
2459352.485510  15.027000  0.054000
2459352.487570  14.890000  0.048000
2459352.542290  14.929000  0.049000
2459352.543590  14.943000  0.048000
2459352.544880  14.900000  0.046000
2459352.728140  14.972000  0.048000
2459352.729420  14.962000  0.049000
2459352.730690  15.097000  0.066000
2459353.353040  14.955000  0.060000
2459353.354270  14.915000  0.053000
2459353.355520  14.916000  0.057000
2459353.623930  14.936000  0.060000
2459353.625220  14.949000  0.051000
2459353.626500  14.994000  0.060000
2459354.861570  14.953000  0.093000
2459356.865890  14.491000  0.043000
2459357.388610  15.016000  0.089000
2459357.389840  15.018000  0.092000
2459357.391150  14.962000  0.078000
2459358.476580  14.772000  0.083000
2459358.477810  15.109000  0.110000
2459358.479040  15.000000  0.096000
2459359.336360  15.152000  0.200000
2459359.511010  14.913000  0.162000
2459359.512900  15.042000  0.182000
2459359.514230  15.028000  0.183000
2459360.359420  15.215000  0.186000
2459360.360650  15.172000  0.169000
2459360.361900  15.246000  0.204000
2459360.730100  15.230000  0.145000
2459360.731400  14.966000  0.105000
2459360.732670  15.031000  0.131000
2459360.755240  15.018000  0.154000
2459360.756460  15.217000  0.192000
2459360.757700  15.196000  0.169000
2459361.523870  15.121000  0.129000
2459361.525110  15.038000  0.154000
2459361.526330  15.150000  0.160000
2459363.729190  14.956000  0.076000
2459363.730470  15.101000  0.075000
2459363.731750  15.022000  0.080000
2459363.749790  14.833000  0.063000
2459363.751000  15.043000  0.098000
2459363.752230  15.002000  0.099000
2459364.654730  15.114000  0.196000
2459364.655940  15.110000  0.150000
2459364.657180  15.002000  0.191000
2459366.589320  14.941000  0.043000
2459366.590610  14.927000  0.040000
2459366.591900  14.945000  0.043000
2459366.628630  14.926000  0.040000
2459366.629900  14.444000  0.029000
2459366.631190  14.872000  0.040000
2459367.663040  14.919000  0.049000
2459367.664270  14.900000  0.051000
2459367.665500  14.896000  0.056000
2459368.613230  15.078000  0.058000
2459368.614450  14.892000  0.041000
2459368.615680  14.968000  0.054000
2459368.635870  14.997000  0.054000
2459368.637100  14.988000  0.054000
2459368.638330  14.903000  0.050000
2459369.650780  14.847000  0.049000
2459369.652020  14.918000  0.050000
2459369.653260  14.907000  0.051000
2459369.679260  14.866000  0.041000
2459369.680560  14.934000  0.039000
2459369.681830  14.933000  0.039000
2459370.708460  14.995000  0.057000
2459370.709670  14.966000  0.051000
2459370.710910  14.986000  0.059000
2459371.511450  14.906000  0.073000
2459371.512690  14.970000  0.074000
2459371.513920  15.017000  0.067000
2459374.248440  14.957000  0.052000
2459374.249660  14.890000  0.044000
2459374.250870  14.963000  0.051000
2459376.323630  14.936000  0.049000
2459376.324860  14.920000  0.048000
2459376.326080  14.988000  0.044000
2459378.281160  14.918000  0.056000
2459378.364020  15.005000  0.069000
2459378.365250  15.108000  0.107000
2459378.366490  14.566000  0.132000
2459379.474440  14.978000  0.044000
2459379.475720  14.890000  0.045000
2459379.477000  14.964000  0.042000
2459379.494090  14.897000  0.044000
2459379.495370  14.842000  0.037000
2459379.496660  14.919000  0.049000
2459380.531220  14.940000  0.059000
2459380.532450  14.858000  0.066000
2459380.533680  15.121000  0.085000
2459380.562350  14.943000  0.054000
2459380.563650  14.872000  0.043000
2459380.564950  14.954000  0.072000
2459382.488970  14.954000  0.059000
2459382.490210  14.908000  0.052000
2459382.491470  15.035000  0.065000
2459384.488980  14.845000  0.062000
2459384.490220  14.895000  0.057000
2459384.491460  15.208000  0.084000
2459384.502510  14.855000  0.055000
2459384.503790  14.902000  0.053000
2459384.505110  14.938000  0.051000
2459385.530210  15.010000  0.059000
2459385.531510  14.958000  0.061000
2459385.532780  15.071000  0.077000
2459387.580760  14.866000  0.068000
2459387.582060  14.987000  0.082000
2459387.583360  15.121000  0.090000
2459387.622090  15.003000  0.087000
2459387.623320  15.020000  0.092000
2459387.624560  14.905000  0.092000
2459390.214740  14.825000  0.157000
2459392.696590  15.135000  0.093000
2459392.697880  15.047000  0.073000
2459392.699180  15.039000  0.067000
2459392.728630  14.842000  0.092000
2459392.729880  15.129000  0.112000
2459392.731130  15.183000  0.119000
2459392.751600  15.176000  0.131000
2459392.752850  14.952000  0.099000
2459392.754100  14.983000  0.113000
2459394.596560  15.021000  0.057000
2459394.597800  15.047000  0.054000
2459394.599040  14.969000  0.051000
2459394.627060  14.987000  0.062000
2459394.628320  14.948000  0.062000
2459394.629540  15.043000  0.062000
2459395.756200  14.980000  0.081000
2459395.757490  14.979000  0.086000
2459396.642770  14.934000  0.054000
2459396.644040  14.919000  0.055000
2459396.645290  14.924000  0.049000
2459397.677140  14.994000  0.045000
2459397.678430  14.948000  0.044000
2459397.679730  14.913000  0.041000
2459399.631640  14.849000  0.093000
2459399.632880  15.284000  0.128000
2459399.634120  14.836000  0.081000
2459399.725650  14.949000  0.097000
2459399.726950  14.865000  0.091000
2459399.728260  15.260000  0.136000
2459401.560320  15.032000  0.054000
2459401.561560  14.920000  0.046000
2459401.562800  14.877000  0.045000
2459403.250790  14.942000  0.054000
2459403.252040  14.985000  0.053000
2459403.253290  14.953000  0.053000
2459403.296530  15.010000  0.061000
2459403.297780  14.973000  0.052000
2459403.299030  14.979000  0.049000
2459406.425830  14.889000  0.060000
2459406.427070  14.949000  0.059000
2459406.428320  14.972000  0.074000
2459406.622350  15.158000  0.182000
2459406.624810  15.044000  0.158000
2459406.689250  14.983000  0.054000
2459406.690550  15.012000  0.082000
2459406.691850  15.056000  0.079000
2459408.703150  14.962000  0.062000
2459408.704400  14.892000  0.052000
2459408.705640  15.038000  0.063000
2459410.474680  14.904000  0.044000
2459410.475980  14.957000  0.048000
2459410.477290  14.941000  0.047000
2459411.509290  14.961000  0.054000
2459411.510550  14.983000  0.053000
2459411.511790  14.956000  0.057000
2459412.527240  15.052000  0.069000
2459412.528480  14.848000  0.057000
2459412.529730  14.866000  0.063000
2459413.528500  15.003000  0.053000
2459413.529800  14.891000  0.052000
2459413.531110  14.907000  0.047000
2459415.567740  15.109000  0.089000
2459415.568990  14.957000  0.076000
2459415.570240  15.028000  0.087000
2459416.613350  14.901000  0.091000
2459416.614590  15.082000  0.101000
2459416.615840  14.872000  0.086000
2459417.614860  14.880000  0.078000
2459417.616090  15.105000  0.134000
2459417.617330  15.148000  0.137000
2459418.507420  15.038000  0.106000
2459418.508670  14.788000  0.094000
2459418.509910  15.111000  0.117000
2459419.652520  15.190000  0.165000
2459419.655010  14.567000  0.100000
2459422.584930  14.852000  0.069000
2459422.586170  15.006000  0.069000
2459422.587420  14.866000  0.072000
2459423.543150  14.995000  0.056000
2459423.544390  14.909000  0.053000
2459423.545640  14.874000  0.047000
2459424.534830  14.931000  0.047000
2459424.536140  14.930000  0.043000
2459424.537440  14.970000  0.043000
2459425.547390  14.928000  0.048000
2459425.548700  14.941000  0.047000
2459425.549980  14.880000  0.042000
2459426.517110  14.972000  0.061000
2459426.518340  14.880000  0.054000
2459426.519580  14.902000  0.053000
2459427.509890  14.919000  0.052000
2459427.511130  14.937000  0.049000
2459427.512380  14.914000  0.052000
2459429.636900  14.839000  0.052000
2459429.638150  14.868000  0.051000
2459429.639390  14.927000  0.052000
2459431.496090  14.902000  0.055000
2459431.497330  14.861000  0.050000
2459431.498570  14.945000  0.057000
2459432.492190  15.039000  0.058000
2459432.493440  14.926000  0.053000
2459432.494670  14.849000  0.051000
2459433.504030  14.900000  0.049000
2459433.505280  14.923000  0.046000
2459433.506520  14.961000  0.056000
2459434.513280  14.857000  0.050000
2459434.514540  14.967000  0.061000
2459434.515780  14.953000  0.045000
2459439.479680  14.937000  0.048000
2459439.480970  14.922000  0.042000
2459439.482280  14.919000  0.046000
2459440.583610  14.997000  0.070000
2459440.584920  14.974000  0.089000
2459440.586210  14.840000  0.049000
2459447.535980  15.065000  0.108000
2459447.537230  15.070000  0.101000
2459447.538490  15.071000  0.101000
2459448.513870  15.165000  0.134000
2459448.515120  14.869000  0.099000
2459448.516350  15.054000  0.111000
2459451.320070  14.982000  0.095000
2459451.321310  14.968000  0.097000
2459451.322550  14.892000  0.082000
2459453.573910  14.904000  0.060000
2459453.575150  14.968000  0.064000
2459453.576400  14.961000  0.062000
2459454.549020  14.963000  0.175000
2459455.506100  14.950000  0.053000
2459455.507340  14.842000  0.051000
2459455.508570  15.007000  0.057000
2459457.559870  15.032000  0.058000
2459457.561120  14.997000  0.057000
2459457.562370  14.910000  0.051000
2459458.549270  14.928000  0.103000
2459458.550510  15.013000  0.088000
2459458.551750  15.070000  0.097000
2459459.566810  14.969000  0.043000
2459459.568100  14.929000  0.049000
2459459.569400  14.924000  0.042000
2459460.555210  14.921000  0.041000
2459460.556490  14.871000  0.044000
2459460.557790  14.937000  0.044000
2459464.515630  14.900000  0.057000
2459464.516870  14.981000  0.064000
2459464.518110  14.957000  0.063000
2459467.551080  14.880000  0.043000
2459467.552370  14.949000  0.044000
2459467.553670  14.951000  0.045000
2459472.285650  15.043000  0.108000
2459472.286870  15.133000  0.115000
2459472.288110  15.021000  0.095000
2459473.507910  14.994000  0.098000
2459473.509150  14.924000  0.094000
2459473.510390  14.826000  0.074000
2459475.489370  14.887000  0.085000
2459475.490610  14.740000  0.077000
2459475.491850  14.964000  0.099000
2459476.496880  14.834000  0.080000
2459476.498170  15.065000  0.095000
2459476.499480  14.862000  0.078000
2459478.524580  14.805000  0.100000
2459478.525890  14.669000  0.146000
2459479.269210  15.133000  0.136000
2459479.270450  14.961000  0.102000
2459479.271690  14.905000  0.116000
2459481.264280  14.924000  0.153000
2459481.265540  14.710000  0.128000
2459481.266790  15.051000  0.152000
2459481.490730  14.916000  0.049000
2459481.492020  14.802000  0.045000
2459481.493310  14.855000  0.043000
2459482.488780  15.033000  0.056000
2459482.490080  15.054000  0.054000
2459482.491370  14.900000  0.053000
2459485.481180  14.921000  0.107000
2459485.483660  14.834000  0.070000
2459486.493570  14.942000  0.050000
2459486.494860  14.933000  0.053000
2459486.496160  14.785000  0.084000
2459488.494580  14.921000  0.053000
2459488.495880  15.010000  0.054000
2459488.497180  14.908000  0.047000
2459490.487170  14.893000  0.064000
2459490.488470  14.907000  0.054000
2459490.489750  15.018000  0.056000
2459493.236370  14.949000  0.070000
2459493.237610  14.923000  0.071000
2459495.230700  14.780000  0.133000
2459495.231940  15.070000  0.150000
2459577.857180  14.438000  0.073000
2459577.858430  14.457000  0.084000
2459577.859680  14.683000  0.115000
2459579.857170  14.385000  0.067000
2459579.858410  14.415000  0.080000
2459579.859650  14.382000  0.077000
2459581.851120  14.316000  0.036000
2459581.852430  14.292000  0.038000
2459581.853710  14.340000  0.041000
2459583.847920  14.242000  0.030000
2459583.849210  14.241000  0.032000
2459583.850500  14.263000  0.030000
2459585.843780  14.204000  0.028000
2459585.845080  14.119000  0.026000
2459585.846390  14.101000  0.027000
2459587.865450  14.079000  0.058000
2459587.866700  14.197000  0.077000
2459588.605080  13.992000  0.117000
2459588.606350  14.237000  0.152000
2459592.609930  13.810000  0.048000
2459592.611170  14.077000  0.071000
2459593.606390  13.600000  0.033000
2459593.607640  13.588000  0.035000
2459593.608900  13.553000  0.032000
2459594.840840  13.357000  0.024000
2459594.842090  13.312000  0.022000
2459594.873510  13.283000  0.040000
2459597.817380  12.752000  0.018000
2459597.818670  12.715000  0.018000
2459597.819960  12.724000  0.017000
2459598.597580  12.652000  0.017000
2459598.598830  12.642000  0.018000
2459598.600080  12.674000  0.015000
2459599.832940  12.445000  0.012000
2459599.834240  12.440000  0.013000
2459599.835540  12.449000  0.013000
2459600.809230  12.351000  0.012000
2459600.810540  12.363000  0.012000
2459600.81183   12.340000  0.012000
