2459605.2314   10.035    0.032    5.370
2459605.2336   10.036    0.035    5.160
2459605.2359   10.040    0.033    5.230
2459605.2381   10.039    0.037    5.270
2459605.2403   10.034    0.036    5.510
2459605.2426   10.037    0.037    5.980
2459605.2448   10.035    0.040    5.610
2459605.2471   10.036    0.039    5.430
2459605.2493   10.040    0.035    5.730
2459605.2515   10.036    0.039    5.560
2459605.2538   10.035    0.037    6.040
2459605.2560   10.045    0.034    5.400
2459605.2582   10.034    0.035    5.490
2459605.2605   10.043    0.036    5.720
2459605.2627   10.035    0.035    6.070
2459605.2649   10.041    0.039    6.180
2459605.2672   10.038    0.038    6.320
2459605.2694   10.049    0.030    5.440
2459605.2716   10.045    0.037    5.580
2459605.2739   10.049    0.036    6.260
2459605.2786   10.049    0.042    5.980
2459605.2809   10.040    0.037    6.230
2459605.2831   10.049    0.036    5.470
2459605.2853   10.054    0.043    5.650
2459605.2876   10.044    0.030    5.420
2459605.2898   10.046    0.037    6.060
2459605.2920   10.055    0.034    5.680
2459605.2943   10.053    0.037    5.220
2459605.2965   10.056    0.032    5.450
2459605.2988   10.050    0.036    5.630
2459605.3010   10.051    0.034    5.350
2459605.3032   10.051    0.035    5.640
2459605.3055   10.053    0.040    5.980
2459605.3077   10.060    0.037    5.440
2459605.3099   10.054    0.036    5.410
2459605.3122   10.057    0.036    5.710
2459605.3144   10.059    0.040    5.250
2459605.3166   10.063    0.032    5.420
2459605.3189   10.067    0.045    7.340
2459605.3211   10.061    0.035    5.490
2459605.3259   10.062    0.035    5.190
2459605.3281   10.066    0.039    5.210
2459605.3304   10.063    0.036    5.180
2459605.3326   10.060    0.038    5.120
2459605.3348   10.059    0.037    5.310
2459605.3371   10.061    0.037    5.200
2459605.3393   10.063    0.040    5.280
2459605.3416   10.064    0.030    5.240
2459605.3438   10.064    0.038    5.120
2459605.3461   10.067    0.040    5.390
2459605.3483   10.063    0.036    5.150
2459605.3505   10.058    0.032    4.980
2459605.3528   10.069    0.033    4.620
2459605.3550   10.063    0.033    5.050
2459605.3573   10.061    0.030    5.040
2459605.3595   10.066    0.041    5.260
2459605.3617   10.070    0.042    5.130
2459606.2285   10.304    0.035    7.030
2459606.2307   10.295    0.034    6.430
2459606.2330   10.297    0.037    6.320
2459606.2352   10.299    0.036    6.530
2459606.2374   10.305    0.036    7.050
2459606.2397   10.305    0.034    6.550
2459606.2419   10.303    0.034    6.530
2459606.2441   10.298    0.032    6.000
2459606.2464   10.303    0.033    6.310
2459606.2486   10.299    0.036    6.660
2459606.2508   10.314    0.033    6.670
2459606.2531   10.303    0.034    6.390
2459606.2553   10.301    0.034    6.250
2459606.2575   10.313    0.034    6.430
2459606.2598   10.311    0.028    6.730
2459606.2620   10.310    0.034    6.640
2459606.2642   10.306    0.033    6.470
2459606.2665   10.312    0.031    6.660
2459606.2687   10.310    0.037    6.810
2459606.2709   10.305    0.061    7.170
2459606.2754   10.318    0.035    6.370
2459606.2777   10.299    0.042    5.980
2459606.2799   10.303    0.034    5.980
2459606.2821   10.311    0.034    6.010
2459606.2844   10.310    0.029    6.220
2459606.2866   10.309    0.034    5.560
2459606.2888   10.314    0.035    6.070
2459606.2911   10.330    0.038    5.700
2459606.2955   10.297    0.067    6.310
2459606.2978   10.347    0.066    6.080
2459606.3000   10.336    0.072    6.140
2459606.3022   10.363    0.095    6.070
2459606.3045   10.319    0.046    6.100
2459606.3067   10.313    0.048    6.360
2459606.3089   10.326    0.063    6.110
2459606.3112   10.351    0.056    6.690
2459606.3134   10.271    0.083    5.190
2459606.3179   10.313    0.042    5.430
2459606.3240   10.340    0.074    4.660
2459606.3262   10.297    0.046    4.620
2459606.3285   10.383    0.071    4.900
2459606.3307   10.318    0.065    5.170
2459606.3352   10.347    0.060    4.630
2459606.3374   10.307    0.047    5.020
2459606.3397   10.323    0.033    5.340
2459606.3419   10.329    0.030    4.600
2459606.3441   10.325    0.033    5.110
2459606.3464   10.329    0.032    4.960
2459606.3486   10.329    0.032    5.450
2459606.3508   10.334    0.032    5.150
2459606.3531   10.328    0.032    5.090
2459606.3553   10.335    0.035    5.060
2459606.3575   10.329    0.036    5.030
2459606.3598   10.326    0.030    5.180
2459606.3620   10.328    0.030    5.360
2459607.2861   10.556    0.031    6.180
2459607.2883   10.565    0.034    7.050
2459607.2906   10.559    0.033    6.290
2459607.2928   10.573    0.031    8.110
2459607.2950   10.574    0.037    6.670
2459607.2973   10.573    0.039    6.480
2459607.2995   10.582    0.034    7.650
2459607.3017   10.587    0.034    7.600
2459607.3062   10.586    0.035    8.230
2459607.3084   10.571    0.035    6.110
2459607.3107   10.560    0.039    6.760
2459607.3129   10.583    0.036    8.130
2459607.3151   10.557    0.036    6.570
2459607.3174   10.566    0.036    6.660
2459607.3196   10.567    0.036    7.070
2459607.3218   10.562    0.038    6.150
2459607.3241   10.587    0.034    5.630
2459607.3263   10.572    0.037    6.140
2459607.3285   10.574    0.030    5.660
2459607.3338   10.603    0.031    5.350
2459607.3360   10.575    0.034    5.560
2459607.3382   10.575    0.033    6.030
2459607.3405   10.593    0.034    5.480
2459607.3427   10.590    0.034    5.540
2459607.3449   10.569    0.034    6.260
2459607.3472   10.575    0.034    6.170
2459607.3494   10.585    0.037    6.350
2459607.3516   10.565    0.035    6.390
2459607.3539   10.563    0.034    6.250
2459607.3561   10.588    0.035    5.520
2459607.3583   10.564    0.039    6.150
2459607.3606   10.569    0.038    6.050
2459607.3628   10.572    0.036    5.760
2459609.3286   10.946    0.041    5.060
2459609.3308   10.947    0.039    5.110
2459609.3331   10.943    0.037    5.020
2459609.3353   10.944    0.045    5.100
2459609.3375   10.947    0.038    5.090
2459609.3398   10.949    0.037    5.070
2459609.3420   10.945    0.039    5.080
2459609.3442   10.949    0.035    4.950
2459609.3465   10.956    0.039    5.320
2459609.3487   10.944    0.034    4.600
2459609.3509   10.942    0.035    4.690
2459609.3532   10.944    0.040    4.990
2459609.3554   10.946    0.036    5.030
2459609.3577   10.951    0.039    4.560
2459609.3599   10.947    0.040    4.650
2459609.3621   10.938    0.034    4.560
2459609.3644   10.944    0.045    4.560
2459610.3123   11.068    0.037    5.590
2459610.3145   11.064    0.033    5.300
2459610.3168   11.071    0.032    5.210
2459610.3190   11.059    0.031    5.200
2459610.3212   11.076    0.037    5.630
2459610.3235   11.060    0.036    5.560
2459610.3257   11.069    0.028    5.030
2459610.3279   11.062    0.033    5.120
2459610.3302   11.061    0.030    5.110
2459610.3324   11.070    0.033    5.580
2459610.3346   11.067    0.033    5.210
2459610.3369   11.066    0.033    5.240
2459610.3391   11.070    0.033    5.470
2459610.3413   11.063    0.035    5.360
2459610.3436   11.061    0.032    5.300
2459610.3458   11.070    0.031    5.170
2459610.3480   11.072    0.036    5.590
2459610.3503   11.066    0.031    5.330
2459610.3525   11.068    0.031    5.300
2459610.3547   11.068    0.034    5.410
2459610.3599   11.056    0.031    5.270
2459610.3621   11.073    0.033    5.590
2459610.3644   11.067    0.032    5.240
2459610.3666   11.074    0.034    5.330
2459611.3147   11.147    0.040    7.810
2459611.3170   11.130    0.042    7.240
2459611.3192   11.170    0.036    6.620
2459611.3214   11.138    0.047    7.500
2459611.3237   11.177    0.033    6.600
2459611.3259   11.174    0.037    6.550
2459611.3281   11.126    0.044    7.310
2459611.3304   11.147    0.035    6.730
2459611.3326   11.154    0.041    7.100
2459611.3348   11.175    0.037    6.120
2459611.3371   11.169    0.038    6.670
2459611.3393   11.159    0.037    6.640
2459611.3415   11.176    0.034    6.570
2459611.3438   11.173    0.041    6.590
2459611.3460   11.174    0.035    6.730
2459611.3482   11.152    0.035    7.320
2459611.3505   11.169    0.033    6.420
2459611.3527   11.155    0.034    7.000
2459611.3549   11.156    0.057    6.640
2459611.3572   11.181    0.034    6.440
2459611.3624   11.190    0.030    6.720
2459611.3646   11.102    0.062    8.750
2459611.3669   11.126    0.048    7.460
2459612.3087   11.252    0.051    8.770
2459612.3109   11.256    0.050    9.110
2459612.3132   11.258    0.050    9.090
2459612.3154   11.240    0.048    9.040
2459612.3176   11.235    0.051    9.730
2459612.3199   11.248    0.046    8.760
2459612.3221   11.260    0.052    8.620
2459612.3243   11.242    0.051    9.530
2459612.3266   11.252    0.055    8.700
2459612.3288   11.275    0.058    8.710
2459612.3310   11.250    0.055    8.710
2459612.3333   11.232    0.051   10.090
2459612.3355   11.260    0.057    8.350
2459612.3377   11.255    0.058    8.750
2459612.3400   11.258    0.054    8.440
2459612.3422   11.242    0.055   10.060
2459612.3444   11.224    0.050    9.770
2459612.3467   11.240    0.051    9.830
2459612.3489   11.249    0.047    8.820
2459612.3511   11.261    0.050    8.410
2459612.3559   11.252    0.065    8.730
2459612.3581   11.242    0.050    9.210
2459612.3604   11.246    0.048    9.390
2459612.3626   11.246    0.060    9.190
2459612.3648   11.248    0.059    9.600
2459612.3671   11.242    0.061    9.280
2459614.3671   11.420    0.065    6.650
2459614.3694   11.426    0.045    7.520
