2459599.5581   12.652    0.054    4.640
2459599.5697   12.633    0.067    4.350
2459600.5618   12.483    0.030    4.990
2459600.5798   12.475    0.023    5.290
2459600.5825   12.492    0.035    5.100
2459601.5489   12.520    0.052    7.080
2459601.5702   12.447    0.031    6.530
2459601.5786   12.512    0.048    6.260
2459601.6006   12.513    0.064    6.440
2459601.6066   12.513    0.051    6.030
2459601.8600   12.509    0.034    6.220
2459602.2086   12.480    0.028    8.790
2459602.5425   12.555    0.033    5.150
2459602.5829   12.595    0.054    4.140
2459602.5833   12.622    0.047    3.780
2459604.5635   12.835    0.032    6.220
2459604.5751   12.845    0.043    5.770
2459604.6191   12.874    0.035    3.980
2459604.7989   12.902    0.041    7.190
2459604.8028   12.908    0.039    7.080
2459604.8150   12.913    0.032    6.600
2459604.8214   12.935    0.032    7.010
2459604.8300   12.929    0.044    6.600
2459604.8398   12.935    0.035    6.630
2459604.8629   12.913    0.090    6.580
2459606.5277   13.336    0.027   11.880
2459606.7843   13.451    0.028    7.140
2459606.8773   13.454    0.053    6.060
2459607.5595   13.657    0.040    5.220
2459607.5699   13.607    0.027    5.450
2459607.6086   13.618    0.026    4.670
2459607.8095   13.701    0.031    7.490
2459607.8418   13.693    0.032    6.220
2459608.8067   13.876    0.031    6.470
2459608.8495   13.891    0.034    6.330
2459609.2181   13.891    0.041    6.020
2459609.5671   13.939    0.027    7.690
2459609.6085   13.951    0.026    4.490
2459609.8726   14.027    0.032    6.040
2459610.2380   14.023    0.023    9.380
2459611.1580   14.115    0.024    6.480
2459611.2522   14.130    0.025    4.030
2459611.2587   14.131    0.024    4.340
2459611.2592   14.130    0.025    4.080
2459614.5138   14.398    0.026    6.110
2459616.5066   14.603    0.037    5.310
2459616.7745   14.626    0.028    6.220
2459617.5019   14.659    0.037    5.420
2459618.2014   14.676    0.021    5.480
2459618.5138   14.671    0.025    4.750
2459619.2400   14.736    0.022    3.980
2459619.4964   14.739    0.029    8.170
2459620.2600   14.778    0.020    5.340
2459620.5173   14.784    0.023    5.610
2459620.7675   14.825    0.083    8.100
2459621.5967   14.853    0.048    4.180
2459621.8235   14.898    0.032    5.470
2459622.4927   14.879    0.024    7.450
2459622.8540   14.953    0.033    6.150
2459624.1515   14.966    0.024    9.410
2459624.5021   14.962    0.025    8.620
2459624.8177   15.028    0.031    6.460
2459625.1529   14.992    0.023    7.380
2459625.8202   15.069    0.029    5.550
2459626.1509   15.043    0.023    6.680
2459626.8196   15.092    0.030    5.730
2459627.1509   15.070    0.025    4.650
2459627.5491   15.079    0.026    7.780
2459628.1637   15.110    0.030    4.200
2459628.6344   15.118    0.034    4.460
2459628.8198   15.181    0.034    6.160
2459629.1532   15.142    0.022   10.420
2459629.7878   15.212    0.031    6.310
2459630.5419   15.248    0.038    4.420
2459630.8053   15.261    0.030    5.500
2459631.5558   15.276    0.040    3.960
2459631.7864   15.295    0.030    5.540
2459632.5364   15.297    0.046    4.690
2459633.5379   15.330    0.044    5.420
2459633.8188   15.295    0.016    4.570
2459634.5366   15.293    0.022    6.520
2459634.7954   15.317    0.018    4.640
2459635.8147   15.404    0.033    5.840
2459636.7428   15.388    0.028    4.660
2459637.5512   15.414    0.031    5.990
2459638.7982   15.441    0.016    5.330
2459639.5142   15.499    0.042    4.340
2459639.7384   15.481    0.031    6.390
2459640.4885   15.490    0.034    4.460
2459640.7385   15.516    0.054    6.240
2459641.7399   15.492    0.016    4.540
2459643.0871   15.532    0.038    7.300
2459643.7239   15.574    0.037    6.420
2459644.2239   15.556    0.023    8.340
2459644.7325   15.605    0.030    6.630
2459645.7239   15.607    0.032    6.080
2459646.7438   15.649    0.034    6.330
2459647.7261   15.658    0.032    6.290
2459648.2370   15.623    0.019    6.140
2459648.7239   15.671    0.032    6.150
2459649.0622   15.608    0.023    8.340
2459650.8187   15.706    0.033    5.710
2459651.6634   15.702    0.029    6.140
2459651.8024   15.694    0.018    4.600
2459652.1155   15.681    0.021    7.030
2459652.6553   15.691    0.020    5.080
2459652.7832   15.736    0.034    5.610
2459653.2858   15.693    0.020    5.670
2459653.6530   15.738    0.026    6.670
2459653.8927   15.748    0.035    5.740
2459654.4505   15.739    0.038    8.420
2459654.7823   15.766    0.031    5.320
2459655.4489   15.771    0.038    5.670
2459655.7842   15.769    0.037    5.510
2459656.4496   15.754    0.032    5.200
2459656.7866   15.740    0.016    4.040
2459659.5311   15.778    0.041    4.050
2459659.7823   15.746    0.034    4.100
2459660.1155   15.774    0.020    3.730
2459660.5297   15.822    0.028    7.040
2459660.7823   15.814    0.037    4.330
2459661.5870   15.799    0.101    5.440
2459661.7837   15.836    0.038    5.270
2459662.6288   15.831    0.031    7.500
2459662.7868   15.854    0.034    5.670
2459663.6324   15.792    0.029    5.290
2459664.6426   15.833    0.031    5.100
2459664.7989   15.874    0.041    4.200
2459665.6393   15.823    0.031    5.000
2459665.8336   15.822    0.036    4.220
2459666.6240   15.824    0.031    4.990
2459667.6418   15.832    0.029    5.170
2459667.8788   15.910    0.044    5.240
2459668.6773   15.863    0.018    4.690
2459669.6982   15.871    0.017    4.340
2459670.6461   15.937    0.054    6.110
2459671.6094   15.897    0.030    5.320
2459672.0104   15.885    0.023    4.660
2459672.2850   15.883    0.021    4.260
2459672.6704   15.921    0.033    4.460
2459673.4072   15.917    0.041    5.690
2459673.9865   15.879    0.025    4.060
2459674.6707   15.895    0.017    4.070
2459674.9900   15.878    0.023    4.640
2459675.6601   15.881    0.029    5.130
2459676.6218   15.878    0.043    4.340
2459677.6149   15.902    0.015    4.320
2459677.8124   15.913    0.034    3.340
2459678.8369   15.964    0.039    6.000
2459679.8227   15.979    0.040    4.110
2459680.1001   15.939    0.022    5.410
2459680.5734   15.950    0.032    4.370
2459680.7677   15.946    0.027    5.020
2459681.0456   15.960    0.019    4.740
2459681.7121   16.020    0.048    4.400
2459682.0804   15.962    0.023    3.580
2459682.5733   15.923    0.029    5.530
2459682.7190   16.009    0.039    5.090
2459683.6176   15.981    0.033    5.170
2459683.7747   15.930    0.048    4.690
2459684.5697   15.956    0.026    6.090
2459684.7121   16.009    0.046    5.250
2459685.8372   16.016    0.044    4.340
2459686.2458   15.960    0.017    5.550
2459686.5661   15.916    0.034    5.290
2459686.8091   15.945    0.022    3.470
2459687.7330   15.921    0.044    6.320
2459688.2354   15.947    0.020    8.390
2459688.5869   15.949    0.030    5.280
2459689.4134   16.020    0.050    4.480
2459690.0662   15.975    0.019    5.410
2459690.4102   16.022    0.047    4.640
2459690.7329   16.001    0.042    4.550
2459691.0800   15.986    0.026    7.280
2459691.3997   16.008    0.030    5.460
2459693.8302   16.049    0.039    4.230
2459694.7849   15.996    0.030    5.000
2459695.5630   16.005    0.019    7.210
2459696.8684   16.004    0.018    7.020
2459697.5454   16.049    0.031    5.730
2459698.6531   16.004    0.024    5.170
2459699.6493   15.987    0.034    4.300
2459700.6947   16.358    0.060    5.900
2459702.8478   16.012    0.020    5.280
2459704.4830   16.051    0.031    4.090
2459705.7746   16.019    0.034    4.660
2459706.5171   16.037    0.031    5.520
2459708.8713   16.078    0.035    5.260
2459709.5074   16.077    0.034    5.130
2459711.5956   16.093    0.044    4.500
2459712.4830   16.102    0.031    4.630
2459714.4830   16.112    0.031    7.140
2459731.9753   16.081    0.022    5.140
2459735.2257   16.108    0.041    5.210
2459755.4792   16.079    0.022    5.060
2459788.5973   16.097    0.033    5.230
2459788.6080   16.085    0.034    6.210
2459788.8614   16.079    0.030    7.580
2459789.3614   16.106    0.045    5.520
2459789.8545   16.101    0.024    5.550
2459789.8578   16.099    0.024    5.220
2459790.5315   16.106    0.048    6.370
2459790.9623   16.092    0.024    4.500
2459791.3090   16.136    0.094    4.280
2459791.5722   16.151    0.047   11.840
2459792.2052   16.161    0.084    6.190
2459792.2329   16.078    0.031    4.650
2459792.4882   16.076    0.019    4.640
2459805.5906   16.120    0.033    6.040
2459812.3128   16.076    0.037    4.640
2459819.5636   16.117    0.040    4.500
2459826.2432   16.145    0.039    6.760
2459833.2852   16.064    0.052    6.300
