2459601.0297   10.559    0.044    6.410
2459601.0348   10.560    0.033    6.550
2459601.0374   10.551    0.044    6.210
2459601.0399   10.587    0.067    6.420
2459601.0425   10.551    0.044    6.440
2459601.0451   10.555    0.038    6.370
2459601.0476   10.566    0.048    5.780
2459601.0502   10.547    0.059    6.450
2459601.0527   10.555    0.054    6.450
2459601.0553   10.561    0.042    6.380
2459601.0579   10.546    0.041    5.350
2459601.0653   10.584    0.055    5.550
2459601.0679   10.554    0.038    5.400
2459601.0756   10.559    0.040    5.100
2459601.0781   10.562    0.057    5.670
2459601.0807   10.553    0.045    5.270
2459601.0858   10.573    0.030    5.320
2459601.0965   10.506    0.060    5.560
2459601.0991   10.585    0.050    5.150
2459601.1016   10.558    0.054    4.680
2459601.1097   10.557    0.046    4.670
2459601.1122   10.568    0.037    5.000
2459601.1247   10.560    0.031    5.360
2459601.1493   10.557    0.057    4.550
2459601.1570   10.561    0.054    4.720
2459601.1629   10.537    0.052    4.550
2459601.1654   10.555    0.051    5.200
2459601.1763   10.537    0.054    4.480
2459601.1824   10.538    0.056    5.240
2459601.1848   10.544    0.051    4.640
2459601.1871   10.553    0.044    5.380
2459601.1895   10.539    0.048    4.670
2459602.0056   10.585    0.038    8.280
2459602.0097   10.561    0.017    7.610
2459602.0133   10.573    0.033    8.220
2459602.0169   10.586    0.030    7.640
2459602.0311   10.590    0.043    8.050
2459602.0351   10.571    0.029    8.070
2459602.0458   10.585    0.035    6.280
2459602.0494   10.592    0.045    7.690
2459602.0538   10.572    0.034    7.300
2459602.0573   10.604    0.032    6.660
2459602.0680   10.595    0.035    7.650
2459602.0716   10.585    0.045    6.830
2459602.0794   10.611    0.036    6.590
2459602.1044   10.600    0.032    6.160
2459602.1080   10.603    0.036    5.620
2459602.1115   10.593    0.040    6.120
2459602.1151   10.599    0.026    6.810
2459602.1258   10.600    0.042    6.310
2459602.1294   10.607    0.035    6.220
2459602.1330   10.596    0.057    5.720
2459602.1365   10.593    0.029    5.240
2459602.1401   10.636    0.050    6.430
2459602.1472   10.630    0.042    6.110
2459602.1508   10.606    0.027    4.830
2459602.1544   10.629    0.034    5.610
2459602.1579   10.652    0.038    6.860
2459602.1615   10.623    0.036    6.370
2459602.1651   10.633    0.032    5.790
2459602.1686   10.619    0.044    6.610
2459602.1722   10.605    0.035    6.070
2459602.1758   10.632    0.047    7.460
2459608.0261   11.797    0.036    6.850
2459608.0314   11.791    0.039    7.420
2459608.0345   11.808    0.037    6.280
2459608.0411   11.811    0.041    6.530
2459608.0444   11.810    0.046    6.840
2459608.0477   11.806    0.051    7.660
2459608.0510   11.814    0.037    7.120
2459608.0542   11.821    0.045    7.210
2459608.0641   11.812    0.042    6.450
2459608.0674   11.813    0.044    7.170
2459608.0707   11.820    0.046    7.210
2459608.0739   11.811    0.050    7.330
2459608.1520   11.843    0.043    6.370
2459608.1618   11.840    0.025    6.030
2459608.1651   11.848    0.034    5.870
2459608.1684   11.838    0.031    5.820
2459608.1717   11.845    0.030    5.510
2459608.1816   11.852    0.027    4.740
2459608.1866   11.837    0.041    5.290
2459614.0162   12.487    0.054    6.190
2459614.0162   12.487    0.054    6.190
2459624.0792   13.072    0.036    5.630
2459625.0733   13.106    0.030    5.170
2459625.9773   13.128    0.045    5.300
2459627.1899   13.198    0.036    5.500
2459628.1619   13.224    0.033    5.260
2459628.9586   13.257    0.032    6.410
2459629.9690   13.314    0.040    6.800
2459631.0429   13.346    0.032    5.630
2459632.0430   13.372    0.027    5.390
2459633.1472   13.358    0.041    5.070
2459636.0509   13.478    0.036    5.660
2459637.0777   13.491    0.040    4.820
2459638.1523   13.550    0.053    5.370
2459641.1116   13.593    0.036    5.320
2459642.1139   13.638    0.041    6.590
2459642.1139   13.557    0.042    6.590
2459642.1139   13.638    0.041    6.590
2459644.0312   13.671    0.043    5.200
2459645.0957   13.667    0.036    5.030
2459646.0463   13.686    0.038    5.650
2459652.0394   13.786    0.037    4.630
2459653.0150   13.802    0.033    4.060
2459655.2020   13.828    0.038    5.310
2459661.9765   13.903    0.048    6.710
2459664.2075   13.944    0.045    4.450
2459665.0135   13.961    0.031    5.330
2459666.0827   13.949    0.034    7.430
2459667.0594   13.972    0.031    4.850
2459668.0296   13.974    0.030    4.740
2459668.9648   13.979    0.038    6.040
2459671.0005   13.997    0.034    5.360
2459672.9403   13.992    0.030    4.510
2459676.9265   14.010    0.031    6.650
2459677.8547   14.024    0.037    8.290
2459678.9218   14.029    0.033    5.560
2459679.9505   14.050    0.035    4.600
2459683.2061   14.076    0.041    5.220
2459684.2081   14.053    0.037    6.350
2459692.0225   14.091    0.037    4.810
2459694.9970   14.120    0.037    5.510
2459696.9264   14.119    0.033    6.600
2459698.1417   14.131    0.038    5.440
2459699.0842   14.134    0.031    5.030
2459699.0842   14.134    0.031    5.030
2459699.0842   14.134    0.031    5.030
2459699.9282   14.121    0.030    5.780
2459704.9087   14.126    0.030    5.740
2459706.9406   14.144    0.033    5.330
2459707.9081   14.158    0.031    5.220
2459708.9343   14.157    0.036    5.150
