2459601.7974   11.628    0.018    3.770
2459601.7982   11.613    0.008    3.840
2459601.7991   11.616    0.011    3.800
2459601.7998   11.618    0.009    3.740
2459601.8006   11.621    0.009    3.630
2459601.8015   11.611    0.010    3.820
2459601.8023   11.631    0.015    4.080
2459601.8031   11.590    0.014    4.050
2459601.8040   11.611    0.017    3.750
2459601.8048   11.614    0.017    4.120
2459601.8056   11.616    0.018    3.920
2459601.8064   11.613    0.013    3.590
2459601.8073   11.610    0.007    3.670
2459601.8081   11.616    0.014    3.850
2459601.8089   11.613    0.009    3.650
2459601.8097   11.620    0.013    3.610
2459601.8105   11.606    0.006    3.630
2459601.8113   11.614    0.016    3.590
2459601.8122   11.605    0.016    3.520
2459601.8130   11.626    0.006    3.670
2459601.8138   11.603    0.014    3.780
2459601.8146   11.625    0.011    3.770
2459601.8154   11.627    0.006    3.920
2459601.8162   11.621    0.013    3.690
2459601.8170   11.623    0.012    3.740
2459602.7911   11.701    0.015    3.710
2459602.7919   11.696    0.013    4.050
2459602.7927   11.695    0.012    3.920
2459602.7935   11.704    0.024    4.040
2459602.7944   11.703    0.008    3.980
2459602.7952   11.692    0.011    3.900
2459602.7960   11.696    0.005    3.780
2459602.7968   11.699    0.025    3.960
2459602.7976   11.696    0.008    3.940
2459602.7984   11.689    0.014    3.870
2459602.7992   11.698    0.008    3.710
2459602.8000   11.705    0.003    3.660
2459602.8008   11.695    0.016    3.720
2459602.8016   11.717    0.013    3.730
2459602.8024   11.705    0.008    3.850
2459602.8033   11.705    0.012    3.960
2459602.8041   11.724    0.027    4.240
2459602.8049   11.718    0.015    4.010
2459602.8057   11.699    0.009    3.780
2459602.8066   11.708    0.013    3.930
2459602.8074   11.719    0.002    3.850
2459602.8081   11.711    0.014    3.890
2459602.8091   11.708    0.015    4.010
2459602.8099   11.702    0.010    3.710
2459602.8107   11.704    0.000    3.560
2459603.8123   11.807    0.018    3.670
2459603.8131   11.826    0.014    3.610
2459603.8139   11.834    0.014    3.720
2459603.8147   11.826    0.014    3.640
2459603.8155   11.808    0.015    3.510
2459603.8163   11.854    0.012    3.780
2459603.8171   11.833    0.004    4.060
2459603.8179   11.840    0.027    3.890
2459603.8187   11.832    0.024    3.480
2459603.8195   11.818    0.019    3.690
2459603.8203   11.816    0.013    3.700
2459603.8211   11.843    0.014    3.710
2459603.8219   11.818    0.021    3.840
2459603.8227   11.830    0.024    3.690
2459603.8235   11.830    0.006    3.730
2459603.8243   11.820    0.017    3.830
2459603.8252   11.849    0.015    3.580
2459603.8260   11.846    0.026    3.700
2459603.8267   11.836    0.013    3.540
2459603.8275   11.833    0.033    3.470
2459603.8284   11.842    0.008    3.560
2459603.8292   11.828    0.011    3.840
2459603.8300   11.848    0.014    3.810
2459603.8308   11.827    0.015    3.710
2459603.8316   11.841    0.018    3.780
2459604.8118   12.024    0.002    3.820
2459604.8126   12.036    0.021    4.120
2459604.8134   12.035    0.020    3.810
2459604.8142   12.040    0.023    3.840
2459604.8150   12.029    0.029    3.830
2459604.8159   12.030    0.021    3.880
2459604.8167   12.048    0.016    3.880
2459604.8175   12.044    0.014    3.890
2459604.8183   12.029    0.032    4.290
2459604.8191   12.027    0.034    4.140
2459604.8199   12.026    0.041    3.850
2459604.8207   12.075    0.053    3.780
2459604.8215   12.020    0.033    4.070
2459604.8223   12.016    0.029    4.310
2459604.8232   12.042    0.025    4.140
2459604.8240   12.048    0.026    4.120
2459604.8248   12.024    0.036    4.050
2459604.8256   12.002    0.020    4.080
2459604.8264   12.030    0.032    4.140
2459604.8272   12.036    0.036    4.270
2459604.8280   11.989    0.122    4.210
2459604.8288   12.029    0.012    4.260
2459604.8296   12.033    0.013    4.150
2459604.8304   12.045    0.021    4.180
2459604.8312   12.074    0.025    4.400
2459605.8016   12.208    0.106    3.940
2459605.8024   12.170    0.076    3.800
2459605.8032   12.219    0.059    3.640
2459605.8040   12.180    0.088    3.850
2459605.8049   12.183    0.088    3.700
2459605.8057   12.174    0.099    3.860
2459605.8066   12.396    0.081    3.710
2459605.8074   12.184    0.091    3.990
2459605.8083   12.198    0.065    3.640
2459605.8091   12.194    0.079    3.840
2459605.8099   12.190    0.057    3.690
2459605.8108   12.198    0.080    3.730
2459605.8116   12.192    0.088    3.940
2459605.8125   12.204    0.107    3.880
2459605.8133   12.171    0.128    4.060
2459605.8142   12.186    0.115    4.040
2459605.8150   12.198    0.127    3.920
2459605.8159   12.186    0.109    4.000
2459605.8167   12.196    0.109    3.990
2459605.8176   12.214    0.067    3.690
2459605.8185   12.202    0.052    3.610
2459605.8194   12.164    0.106    3.850
2459605.8202   12.164    0.098    3.890
2459605.8211   12.171    0.110    4.050
2459605.8219   12.200    0.034    3.530
