2459605.2299   12.357    0.041    4.520
2459605.2322   12.369    0.041    4.690
2459605.2344   12.367    0.045    5.060
2459605.2366   12.388    0.044    4.500
2459605.2389   12.363    0.039    4.580
2459605.2411   12.367    0.043    4.610
2459605.2433   12.377    0.047    4.490
2459605.2456   12.370    0.041    5.200
2459605.2478   12.368    0.040    4.630
2459605.2500   12.349    0.042    4.450
2459605.2523   12.373    0.040    4.500
2459605.2545   12.374    0.045    4.770
2459605.2567   12.361    0.044    4.660
2459605.2590   12.375    0.044    4.610
2459605.2612   12.376    0.041    4.660
2459605.2634   12.367    0.050    4.620
2459605.2657   12.389    0.046    5.010
2459605.2679   12.377    0.053    5.280
2459605.2702   12.358    0.043    4.750
2459605.2724   12.372    0.048    4.690
2459605.2772   12.388    0.036    4.710
2459605.2794   12.406    0.050    5.500
2459605.2816   12.395    0.049    5.350
2459605.2839   12.392    0.039    4.550
2459605.2861   12.441    0.053    5.410
2459605.2883   12.402    0.056    5.560
2459605.2906   12.393    0.035    4.640
2459605.2928   12.436    0.046    5.250
2459605.2950   12.390    0.036    4.980
2459605.2973   12.401    0.034    4.510
2459605.2995   12.407    0.036    4.710
2459605.3017   12.393    0.046    4.620
2459605.3040   12.400    0.039    5.430
2459605.3062   12.397    0.041    4.660
2459605.3084   12.404    0.058    5.560
2459605.3107   12.397    0.053    5.030
2459605.3129   12.417    0.058    5.280
2459605.3151   12.408    0.045    4.650
2459605.3174   12.401    0.045    4.570
2459605.3196   12.404    0.044    4.640
2459605.3244   12.403    0.034    4.210
2459605.3266   12.402    0.031    4.150
2459605.3289   12.392    0.030    4.200
2459605.3311   12.416    0.034    4.640
2459605.3334   12.409    0.038    4.560
2459605.3356   12.399    0.028    4.270
2459605.3378   12.407    0.027    4.160
2459605.3401   12.411    0.031    4.440
2459605.3423   12.406    0.034    4.450
2459605.3446   12.400    0.036    4.350
2459605.3468   12.392    0.031    4.100
2459605.3490   12.411    0.032    4.160
2459605.3513   12.398    0.042    4.450
2459605.3535   12.387    0.032    4.160
2459605.3558   12.400    0.037    4.000
2459605.3580   12.391    0.034    4.270
2459605.3602   12.403    0.041    4.310
2459605.3625   12.401    0.048    4.540
2459606.2270   12.648    0.065    5.770
2459606.2292   12.655    0.083    6.980
2459606.2315   12.658    0.071    6.090
2459606.2337   12.672    0.077    6.040
2459606.2359   12.676    0.079    6.210
2459606.2382   12.668    0.080    6.310
2459606.2404   12.661    0.053    5.380
2459606.2427   12.671    0.068    5.660
2459606.2449   12.672    0.058    5.500
2459606.2471   12.668    0.054    5.370
2459606.2494   12.658    0.071    5.660
2459606.2516   12.660    0.073    6.120
2459606.2538   12.647    0.052    5.180
2459606.2561   12.664    0.062    5.300
2459606.2583   12.656    0.054    5.340
2459606.2605   12.695    0.068    5.510
2459606.2628   12.661    0.061    5.230
2459606.2650   12.660    0.062    5.400
2459606.2672   12.671    0.081    6.150
2459606.2695   12.660    0.071    5.610
2459606.2739   12.677    0.077    5.680
2459606.2762   12.681    0.063    6.160
2459606.2784   12.656    0.111    8.270
2459606.2806   12.689    0.057    5.650
2459606.2829   12.691    0.079    5.480
2459606.2851   12.671    0.047    5.220
2459606.2873   12.655    0.053    5.400
2459606.2896   12.678    0.060    5.360
2459606.2918   12.692    0.058    4.820
2459606.2941   12.681    0.074    5.350
2459606.2963   12.684    0.082    5.270
2459606.2985   12.680    0.081    5.500
2459606.3008   12.727    0.104    5.460
2459606.3030   12.772    0.086    5.360
2459606.3052   12.654    0.073    4.660
2459606.3075   12.646    0.121    5.190
2459606.3097   12.681    0.073    5.340
2459606.3119   12.740    0.109    4.690
2459606.3164   12.704    0.071    4.610
2459606.3225   12.769    0.184    4.180
2459606.3247   12.730    0.071    4.750
2459606.3382   12.703    0.059    4.560
2459606.3404   12.696    0.068    4.560
2459606.3426   12.684    0.048    4.090
2459606.3449   12.681    0.000    4.060
2459606.3471   12.678    0.027    4.180
2459606.3493   12.673    0.032    4.290
2459606.3516   12.684    0.042    4.640
2459606.3538   12.679    0.034    4.220
2459606.3560   12.673    0.032    4.250
2459606.3583   12.681    0.033    4.160
2459606.3605   12.689    0.037    4.350
2459606.3627   12.681    0.044    4.370
2459607.2846   12.952    0.052    5.750
2459607.2868   12.962    0.081    7.040
2459607.2891   12.965    0.075    6.490
2459607.2913   12.965    0.062    6.000
2459607.2935   12.967    0.099    7.710
2459607.2958   12.968    0.055    5.570
2459607.2980   12.967    0.074    6.280
2459607.3002   12.977    0.079    7.260
2459607.3025   12.978    0.081    6.730
2459607.3047   12.965    0.086    7.760
2459607.3069   12.951    0.086    7.200
2459607.3092   12.961    0.062    5.540
2459607.3114   12.956    0.070    5.730
2459607.3136   12.956    0.069    6.270
2459607.3159   12.964    0.075    6.590
2459607.3181   12.968    0.083    6.770
2459607.3204   12.967    0.067    5.320
2459607.3226   12.963    0.064    5.130
2459607.3248   12.948    0.048    4.730
2459607.3270   12.952    0.048    4.490
2459607.3323   12.964    0.042    5.330
2459607.3345   12.978    0.053    5.240
2459607.3367   12.974    0.042    4.980
2459607.3390   12.972    0.052    5.210
2459607.3412   12.981    0.054    5.160
2459607.3434   12.971    0.052    5.290
2459607.3457   12.966    0.057    5.260
2459607.3479   12.974    0.058    5.360
2459607.3501   12.983    0.066    6.010
2459607.3524   12.981    0.068    5.620
2459607.3546   12.980    0.071    5.760
2459607.3568   12.977    0.052    5.250
2459607.3591   12.967    0.058    5.330
2459607.3613   12.967    0.059    5.470
2459607.3635   12.964    0.045    4.740
2459609.3271   13.313    0.024    4.350
2459609.3294   13.317    0.030    4.360
2459609.3316   13.336    0.025    4.210
2459609.3338   13.323    0.031    4.120
2459609.3361   13.320    0.027    4.390
2459609.3383   13.316    0.030    4.630
2459609.3405   13.311    0.029    4.480
2459609.3428   13.312    0.030    4.320
2459609.3450   13.325    0.033    4.320
2459609.3472   13.340    0.029    4.620
2459609.3495   13.327    0.029    4.510
2459609.3517   13.317    0.028    4.180
2459609.3539   13.325    0.030    4.180
2459609.3562   13.324    0.032    4.090
2459609.3584   13.326    0.033    4.060
2459609.3606   13.311    0.029    3.990
2459609.3629   13.324    0.035    3.990
2459609.3651   13.320    0.033    4.150
2459610.3108   13.441    0.035    5.090
2459610.3130   13.446    0.031    4.390
2459610.3153   13.434    0.028    4.460
2459610.3175   13.446    0.030    4.580
2459610.3197   13.433    0.030    4.290
2459610.3220   13.454    0.038    4.630
2459610.3242   13.447    0.028    4.190
2459610.3264   13.438    0.034    4.430
2459610.3287   13.435    0.036    4.490
2459610.3309   13.425    0.025    4.140
2459610.3332   13.466    0.049    5.040
2459610.3354   13.446    0.046    5.080
2459610.3376   13.439    0.048    5.160
2459610.3398   13.428    0.035    4.590
2459610.3421   13.443    0.026    4.090
2459610.3443   13.423    0.033    4.450
2459610.3466   13.435    0.028    4.180
2459610.3488   13.433    0.044    4.540
2459610.3510   13.452    0.040    4.660
2459610.3533   13.454    0.038    4.580
2459610.3584   13.449    0.030    4.610
2459610.3607   13.450    0.029    4.290
2459610.3629   13.449    0.031    4.610
2459610.3651   13.420    0.031    4.580
2459610.3674   13.447    0.029    4.450
2459611.3132   13.562    0.071    6.630
2459611.3155   13.525    0.088    7.770
2459611.3177   13.487    0.091    8.600
2459611.3199   13.523    0.062    6.720
2459611.3222   13.492    0.071    7.620
2459611.3244   13.588    0.064    6.750
2459611.3266   13.557    0.072    7.420
2459611.3289   13.532    0.064    7.560
2459611.3311   13.580    0.079    7.730
2459611.3333   13.571    0.086    7.170
2459611.3356   13.496    0.069    6.470
2459611.3378   13.575    0.077    7.260
2459611.3400   13.574    0.091    7.110
2459611.3423   13.568    0.067    6.000
2459611.3445   13.595    0.086    6.700
2459611.3467   13.589    0.060    5.630
2459611.3490   13.590    0.075    6.600
2459611.3512   13.574    0.076    6.680
2459611.3534   13.601    0.071    6.340
2459611.3557   13.586    0.080    6.440
2459611.3609   13.579    0.076    6.410
2459611.3631   13.558    0.079    6.360
2459611.3654   13.585    0.085    6.710
2459611.3676   13.493    0.085    6.390
