2459605.2307   11.085    0.071    4.540
2459605.2329   11.078    0.065    4.350
2459605.2351   11.068    0.066    4.590
2459605.2374   11.066    0.061    4.710
2459605.2396   11.071    0.070    4.980
2459605.2418   11.074    0.065    4.610
2459605.2441   11.076    0.068    4.570
2459605.2463   11.079    0.068    4.560
2459605.2485   11.087    0.064    4.450
2459605.2508   11.082    0.066    4.560
2459605.2530   11.086    0.074    5.120
2459605.2553   11.081    0.068    4.650
2459605.2575   11.088    0.065    4.540
2459605.2597   11.080    0.074    5.040
2459605.2620   11.077    0.067    5.210
2459605.2642   11.089    0.070    4.410
2459605.2664   11.089    0.068    4.430
2459605.2687   11.089    0.065    4.550
2459605.2709   11.090    0.068    5.020
2459605.2731   11.091    0.070    5.140
2459605.2779   11.090    0.066    5.260
2459605.2801   11.088    0.068    5.080
2459605.2824   11.091    0.073    5.050
2459605.2846   11.099    0.072    5.060
2459605.2868   11.095    0.067    5.050
2459605.2891   11.103    0.067    4.620
2459605.2913   11.090    0.070    5.000
2459605.2935   11.096    0.065    4.500
2459605.2958   11.102    0.066    4.550
2459605.2980   11.099    0.067    5.260
2459605.3002   11.101    0.067    4.630
2459605.3025   11.102    0.072    5.060
2459605.3047   11.106    0.076    4.980
2459605.3069   11.098    0.066    4.670
2459605.3092   11.099    0.064    5.120
2459605.3114   11.102    0.067    4.500
2459605.3136   11.103    0.071    5.180
2459605.3159   11.107    0.066    4.340
2459605.3181   11.104    0.065    4.640
2459605.3204   11.106    0.064    4.590
2459605.3251   11.112    0.073    4.310
2459605.3274   11.109    0.064    4.330
2459605.3296   11.109    0.063    4.300
2459605.3319   11.105    0.064    4.590
2459605.3341   11.107    0.063    4.610
2459605.3363   11.114    0.064    4.180
2459605.3386   11.111    0.065    4.390
2459605.3408   11.114    0.069    4.460
2459605.3431   11.113    0.067    4.300
2459605.3453   11.110    0.064    4.550
2459605.3475   11.113    0.068    4.370
2459605.3498   11.109    0.064    4.350
2459605.3520   11.117    0.073    4.230
2459605.3543   11.110    0.065    4.240
2459605.3565   11.112    0.064    4.310
2459605.3588   11.118    0.067    4.400
2459605.3610   11.120    0.067    4.160
2459606.2277   11.333    0.082    5.680
2459606.2300   11.349    0.087    6.180
2459606.2322   11.341    0.090    5.530
2459606.2344   11.350    0.081    5.560
2459606.2367   11.346    0.083    5.560
2459606.2389   11.349    0.086    5.740
2459606.2412   11.340    0.069    5.310
2459606.2434   11.350    0.081    5.090
2459606.2456   11.355    0.087    5.720
2459606.2479   11.352    0.077    5.230
2459606.2501   11.352    0.081    5.560
2459606.2523   11.353    0.074    5.390
2459606.2546   11.346    0.092    6.000
2459606.2568   11.352    0.077    5.640
2459606.2590   11.349    0.070    5.240
2459606.2613   11.362    0.088    4.980
2459606.2635   11.365    0.076    5.320
2459606.2657   11.355    0.078    5.560
2459606.2680   11.361    0.076    5.400
2459606.2702   11.363    0.087    5.690
2459606.2747   11.342    0.090    5.480
2459606.2769   11.351    0.076    5.580
2459606.2791   11.371    0.080    5.330
2459606.2814   11.361    0.076    5.450
2459606.2836   11.364    0.087    5.240
2459606.2858   11.359    0.084    5.380
2459606.2881   11.362    0.071    4.520
2459606.2903   11.367    0.067    5.160
2459606.2925   11.380    0.120    4.650
2459606.2948   11.342    0.131    5.310
2459606.2970   11.378    0.136    5.220
2459606.3037   11.362    0.126    5.530
2459606.3060   11.387    0.132    5.420
2459606.3082   11.413    0.135    5.420
2459606.3104   11.405    0.135    4.930
2459606.3172   11.390    0.085    4.320
2459606.3255   11.384    0.098    4.650
2459606.3344   11.352    0.129    4.670
2459606.3367   11.379    0.100    4.390
2459606.3389   11.357    0.126    5.030
2459606.3411   11.367    0.094    4.380
2459606.3434   11.369    0.068    4.300
2459606.3456   11.369    0.067    4.400
2459606.3478   11.377    0.066    4.340
2459606.3501   11.381    0.071    4.490
2459606.3523   11.377    0.069    4.280
2459606.3545   11.384    0.066    4.290
2459606.3568   11.368    0.065    4.220
2459606.3590   11.372    0.068    4.170
2459606.3613   11.377    0.074    4.390
2459606.3635   11.375    0.072    4.340
2459607.2854   11.609    0.089    5.580
2459607.2876   11.597    0.114    6.080
2459607.2898   11.593    0.096    5.600
2459607.2921   11.602    0.154    7.620
2459607.2943   11.605    0.142    6.390
2459607.2965   11.613    0.103    5.710
2459607.2988   11.612    0.137    6.400
2459607.3010   11.624    0.169    7.320
2459607.3032   11.600    0.148    6.630
2459607.3055   11.627    0.155    7.730
2459607.3077   11.624    0.164    7.380
2459607.3099   11.639    0.117    5.730
2459607.3122   11.654    0.107    5.300
2459607.3144   11.614    0.107    5.770
2459607.3166   11.622    0.131    6.010
2459607.3189   11.647    0.103    5.360
2459607.3211   11.644    0.093    5.280
2459607.3233   11.644    0.075    4.470
2459607.3256   11.668    0.096    4.630
2459607.3278   11.665    0.087    4.680
2459607.3330   11.641    0.088    5.070
2459607.3352   11.635    0.079    5.320
2459607.3375   11.637    0.085    5.150
2459607.3397   11.645    0.070    5.040
2459607.3419   11.664    0.090    5.100
2459607.3442   11.649    0.070    4.980
2459607.3464   11.639    0.097    5.470
2459607.3486   11.641    0.082    5.420
2459607.3509   11.633    0.129    5.980
2459607.3531   11.630    0.087    5.440
2459607.3553   11.621    0.134    6.240
2459607.3576   11.640    0.101    5.640
2459607.3598   11.646    0.097    5.290
2459607.3620   11.648    0.119    5.510
2459607.3643   11.672    0.098    5.010
2459609.3279   11.984    0.072    4.590
2459609.3301   11.977    0.071    4.410
2459609.3323   11.991    0.075    4.410
2459609.3346   11.988    0.071    4.210
2459609.3368   11.979    0.069    4.400
2459609.3390   11.980    0.075    4.530
2459609.3413   11.992    0.074    4.450
2459609.3435   11.969    0.077    4.330
2459609.3457   11.980    0.075    4.460
2459609.3480   11.973    0.072    4.450
2459609.3502   11.981    0.076    4.370
2459609.3524   11.976    0.063    4.340
2459609.3547   11.996    0.075    4.300
2459609.3569   11.981    0.073    4.340
2459609.3591   11.993    0.080    4.150
2459609.3614   11.981    0.066    4.050
2459609.3636   11.978    0.065    4.050
2459609.3658   11.975    0.076    4.250
2459610.3116   12.100    0.058    5.050
2459610.3138   12.106    0.058    4.500
2459610.3160   12.109    0.054    4.540
2459610.3183   12.105    0.057    4.990
2459610.3205   12.096    0.052    4.480
2459610.3227   12.103    0.056    4.630
2459610.3250   12.107    0.053    4.180
2459610.3272   12.104    0.054    4.430
2459610.3294   12.101    0.055    4.990
2459610.3317   12.108    0.055    4.520
2459610.3339   12.108    0.051    4.420
2459610.3361   12.109    0.043    5.220
2459610.3384   12.105    0.052    5.060
2459610.3406   12.101    0.058    4.980
2459610.3428   12.110    0.052    4.280
2459610.3451   12.112    0.056    5.430
2459610.3473   12.105    0.058    4.690
2459610.3495   12.109    0.055    4.720
2459610.3518   12.114    0.062    4.630
2459610.3540   12.110    0.054    4.510
2459610.3592   12.115    0.053    4.280
2459610.3614   12.108    0.050    4.370
2459610.3636   12.112    0.057    5.060
2459610.3659   12.111    0.055    5.000
2459611.3140   12.194    0.063    6.610
2459611.3162   12.192    0.080    8.230
2459611.3184   12.187    0.065    7.000
2459611.3207   12.176    0.079    7.030
2459611.3229   12.154    0.067    7.110
2459611.3252   12.201    0.067    6.490
2459611.3274   12.196    0.074    7.610
2459611.3296   12.198    0.066    6.470
2459611.3319   12.188    0.063    7.050
2459611.3341   12.179    0.070    7.500
2459611.3363   12.197    0.059    6.200
2459611.3386   12.208    0.077    7.990
2459611.3408   12.185    0.059    7.040
2459611.3430   12.204    0.065    6.050
2459611.3453   12.183    0.055    6.610
2459611.3475   12.197    0.060    6.310
2459611.3497   12.201    0.060    6.190
2459611.3520   12.196    0.053    6.300
2459611.3542   12.240    0.062    6.340
2459611.3564   12.210    0.073    8.220
2459611.3616   12.222    0.070    6.360
2459611.3639   12.180    0.061    6.980
2459611.3661   12.183    0.091    6.730
2459612.3079   12.262    0.057    8.320
2459612.3102   12.281    0.059    8.280
2459612.3124   12.287    0.055    9.310
2459612.3146   12.265    0.055    8.650
2459612.3169   12.278    0.061   10.280
2459612.3191   12.283    0.059    8.690
2459612.3213   12.278    0.059    8.980
2459612.3236   12.276    0.059    9.400
2459612.3258   12.281    0.056    8.560
2459612.3280   12.282    0.059    9.020
2459612.3303   12.278    0.059    9.740
2459612.3325   12.296    0.066   10.260
2459612.3347   12.274    0.064   10.030
2459612.3370   12.281    0.061    8.530
2459612.3392   12.282    0.056    9.420
2459612.3414   12.280    0.077   11.140
2459612.3437   12.279    0.061    8.560
2459612.3459   12.286    0.061   10.000
2459612.3481   12.290    0.085   11.660
2459612.3504   12.282    0.069   10.330
2459612.3552   12.281    0.062    9.080
2459612.3574   12.290    0.061    9.610
2459612.3596   12.286    0.061    9.120
2459612.3619   12.283    0.058    9.040
2459612.3641   12.290    0.061   10.050
2459612.3663   12.285    0.061    9.170
2459612.3686   12.257    0.059    9.670
2459614.3664   12.442    0.050    7.070
2459614.3686   12.438    0.091    6.630
