2459601.0261   12.385    0.103    7.680
2459601.0286   12.426    0.095    7.530
2459601.0312   12.379    0.090    7.400
2459601.0338   12.391    0.081    7.790
2459601.0363   12.404    0.080    7.000
2459601.0389   12.414    0.091    6.480
2459601.0414   12.415    0.087    7.320
2459601.0440   12.380    0.084    6.950
2459601.0466   12.416    0.088    6.490
2459601.0491   12.390    0.079    6.360
2459601.0517   12.421    0.101    6.540
2459601.0542   12.403    0.096    7.070
2459601.0593   12.404    0.081    6.780
2459601.0619   12.374    0.118    7.080
2459601.0643   12.435    0.075    6.070
2459601.0694   12.399    0.093    7.080
2459601.0719   12.428    0.067    7.270
2459601.0745   12.424    0.084    7.280
2459601.0796   12.397    0.077    6.780
2459601.0822   12.419    0.077    6.530
2459601.0847   12.414    0.082    6.020
2459601.0899   12.396    0.076    7.260
2459601.0924   12.428    0.070    6.550
2459601.0955   12.426    0.065    6.250
2459601.0980   12.405    0.079    6.200
2459601.1005   12.405    0.068    5.620
2459601.1031   12.411    0.065    5.650
2459601.1057   12.438    0.072    5.680
2459601.1086   12.430    0.073    6.070
2459601.1210   12.406    0.079    6.360
2459601.1287   12.434    0.068    5.770
2459601.1313   12.441    0.076    7.090
2459601.1338   12.411    0.074    5.890
2459601.1364   12.435    0.069    5.470
2459601.1390   12.416    0.076    5.760
2459601.1432   12.446    0.077    6.210
2459601.1457   12.442    0.072    5.430
2459601.1483   12.432    0.069    5.460
2459601.1508   12.421    0.069    6.270
2459601.1534   12.439    0.066    5.610
2459601.1559   12.414    0.066    5.190
2459601.1585   12.427    0.069    5.470
2459601.1618   12.440    0.069    5.560
2459601.1643   12.406    0.059    5.050
2459601.1669   12.418    0.074    5.740
2459601.1753   12.418    0.075    5.170
2459601.1776   12.425    0.078    5.380
2459601.1814   12.437    0.073    5.160
2459601.1838   12.425    0.074    5.680
2459601.1861   12.421    0.068    5.470
2459601.1885   12.407    0.069    5.640
2459601.1908   12.419    0.085    5.520
2459602.0443   12.427    0.092    7.670
2459602.0630   12.417    0.087    7.470
2459602.0665   12.453    0.086    7.510
2459602.0701   12.431    0.092    7.350
2459602.0737   12.438    0.085    6.800
2459602.0780   12.425    0.079    6.280
2459602.0922   12.423    0.093    6.340
2459602.0994   12.425    0.073    6.830
2459602.1065   12.438    0.080    6.700
2459602.1101   12.434    0.086    7.310
2459602.1208   12.446    0.104    5.710
2459602.1243   12.450    0.087    6.050
2459602.1279   12.463    0.094    6.600
2459602.1315   12.478    0.084    5.820
2459602.1386   12.452    0.090    5.820
2459602.1457   12.453    0.083    6.440
2459602.1493   12.448    0.085    6.140
2459602.1529   12.445    0.089    6.620
2459602.1564   12.446    0.076    6.370
2459602.1600   12.475    0.083    6.170
2459602.1636   12.468    0.095    6.010
2459602.1671   12.459    0.075    7.220
2459602.1707   12.465    0.077    7.070
2459602.1743   12.449    0.085    7.360
2459608.0300   13.644    0.079    7.710
2459608.0300   13.644    0.079    7.710
2459608.0332   13.632    0.084    8.130
2459608.0332   13.632    0.084    8.130
2459608.0365   13.652    0.082    7.590
2459608.0365   13.652    0.082    7.590
2459608.0397   13.656    0.079    7.730
2459608.0397   13.656    0.079    7.730
2459608.0463   13.636    0.085    6.760
2459608.0463   13.636    0.085    6.760
2459608.0496   13.654    0.086    6.520
2459608.0496   13.654    0.086    6.520
2459608.0561   13.648    0.069    7.560
2459608.0561   13.648    0.069    7.560
2459608.0627   13.665    0.079    6.580
2459608.0627   13.665    0.079    6.580
2459608.0660   13.671    0.074    7.840
2459608.0660   13.671    0.074    7.840
2459608.0693   13.674    0.103    8.160
2459608.0693   13.674    0.103    8.160
2459608.0726   13.647    0.070    7.720
2459608.0726   13.647    0.070    7.720
2459608.1506   13.697    0.070    6.400
2459608.1506   13.697    0.070    6.400
2459608.1571   13.673    0.068    6.230
2459608.1571   13.673    0.068    6.230
2459608.1604   13.703    0.074    6.640
2459608.1604   13.703    0.074    6.640
2459608.1637   13.709    0.070    6.130
2459608.1637   13.709    0.070    6.130
2459608.1670   13.688    0.079    5.610
2459608.1670   13.688    0.079    5.610
2459608.1703   13.689    0.065    5.630
2459608.1703   13.689    0.065    5.630
2459608.1744   13.697    0.062    5.710
2459608.1744   13.697    0.062    5.710
2459608.1762   13.698    0.072    5.320
2459608.1762   13.698    0.072    5.320
2459608.1779   13.707    0.061    6.450
2459608.1779   13.707    0.061    6.450
2459608.1829   13.713    0.065    6.170
2459608.1829   13.713    0.065    6.170
2459614.0151   14.205    0.099    7.160
2459614.0151   14.205    0.099    7.160
2459624.0769   14.898    0.067    6.040
2459625.0711   14.924    0.064    5.620
2459626.0079   14.967    0.083    6.110
2459627.1908   15.012    0.069    5.650
2459628.1597   15.040    0.067    5.530
2459628.9563   15.038    0.088    7.200
2459629.9667   15.102    0.088    7.530
2459631.0407   15.185    0.074    5.600
2459632.0364   15.159    0.069    6.210
2459633.1449   15.224    0.061    5.310
2459635.1637   15.269    0.063    5.580
2459636.0274   15.280    0.071    6.270
2459637.0748   15.312    0.062    5.670
2459638.1565   15.386    0.082    6.330
2459641.1129   15.411    0.063    5.450
2459642.1151   15.468    0.065    7.150
2459642.1151   15.437    0.077    7.150
2459642.1151   15.468    0.065    7.150
2459644.0309   15.518    0.080    5.580
2459645.0934   15.520    0.064    5.320
2459646.0240   15.526    0.063    6.480
2459652.0286   15.636    0.069    5.300
2459653.0112   15.606    0.071    4.480
2459655.2020   15.684    0.061    5.530
2459661.9769   15.731    0.080    6.840
2459664.2063   15.756    0.072    4.570
2459665.0109   15.773    0.065    5.840
2459666.0816   15.778    0.065    7.470
2459667.0600   15.792    0.052    5.270
2459668.0245   15.777    0.061    5.210
2459668.9628   15.812    0.080    6.130
2459671.0043   15.832    0.076    5.460
2459672.9398   15.829    0.077    5.160
2459676.9246   15.833    0.067    7.210
2459677.8528   15.844    0.098    8.340
2459678.9199   15.851    0.074    6.530
2459679.9499   15.856    0.075    4.810
2459683.2013   15.902    0.062    5.530
2459692.0579   15.923    0.070    4.750
2459692.0579   15.923    0.070    4.750
2459692.0579   15.923    0.070    4.750
2459694.9966   15.967    0.075    5.710
2459696.9256   15.923    0.079    7.080
2459698.1380   15.967    0.065    6.150
2459699.0825   15.987    0.072    5.320
2459699.0825   15.988    0.072    5.310
2459699.9258   15.934    0.060    6.330
2459704.9104   15.964    0.067    6.120
2459706.9461   15.981    0.064    6.190
2459707.9089   15.972    0.065    5.710
2459708.9280   15.981    0.065    6.200
