2459600.5809   10.574    0.046    4.380
2459600.5836   10.602    0.033    4.390
2459601.5500   10.580    0.034    6.070
2459601.5713   10.586    0.036    8.440
2459601.5798   10.555    0.068    6.020
2459601.6018   10.573    0.066    6.180
2459601.6078   10.585    0.074    5.720
2459601.8612   10.571    0.018    5.540
2459602.2097   10.622    0.029   10.450
2459602.5436   10.635    0.043    5.040
2459604.5626   10.937    0.041    5.780
2459604.5759   10.929    0.057    5.090
2459604.8035   11.003    0.048    6.430
2459604.8221   10.986    0.073    6.280
2459604.8312   11.018    0.045    6.280
2459604.8405   10.990    0.029    6.120
2459606.5287   11.444    0.023    9.130
2459606.7853   11.490    0.019    6.660
2459609.5682   12.041    0.021    6.710
2459609.6095   12.044    0.027    3.640
2459609.8736   12.074    0.019    5.620
2459610.2391   12.131    0.022    7.120
2459611.2533   12.239    0.019    3.500
2459611.2602   12.237    0.017    3.530
2459614.5148   12.507    0.022    5.110
2459616.5076   12.651    0.040    4.710
2459616.7756   12.685    0.027    6.070
2459617.5029   12.726    0.050    5.330
2459618.2025   12.764    0.021    5.130
2459618.5149   12.776    0.027    4.340
2459619.4974   12.830    0.029    8.220
2459620.2611   12.887    0.017    4.780
2459620.5184   12.887    0.020    5.440
2459621.2027   12.985    0.091    7.420
2459621.8245   12.960    0.017    5.430
2459622.4938   12.992    0.020    7.140
2459622.8550   13.012    0.016    5.630
2459624.1526   13.085    0.023    8.580
2459624.5032   13.080    0.030    7.460
2459624.8188   13.093    0.017    6.050
2459625.1539   13.105    0.022    7.540
2459625.8213   13.132    0.018    5.260
2459626.1520   13.166    0.022    5.120
2459626.8207   13.161    0.016    5.250
2459627.1519   13.192    0.022    4.160
2459627.5502   13.215    0.042    7.620
2459628.1648   13.203    0.025    3.600
2459628.6354   13.236    0.034    4.450
2459628.8208   13.234    0.017    5.610
2459629.1542   13.271    0.020    6.540
2459629.7889   13.288    0.022    6.070
2459630.5429   13.322    0.029    4.080
2459630.8064   13.323    0.016    5.210
2459631.5569   13.352    0.030    3.540
2459631.7874   13.360    0.017    5.330
2459632.1151   13.382    0.025    8.580
2459632.5374   13.375    0.034    4.260
2459632.8860   13.365    0.016    5.500
2459633.5390   13.386    0.039    7.070
2459633.8199   13.414    0.015    4.300
2459634.5376   13.412    0.024    6.500
2459634.7965   13.436    0.015    4.260
2459635.8158   13.457    0.017    5.570
2459637.4769   13.517    0.021    6.590
2459637.5523   13.496    0.041    5.450
2459638.7993   13.536    0.017    4.980
2459639.5153   13.550    0.062    4.060
2459640.4896   13.571    0.032    4.370
2459644.2250   13.652    0.024    8.620
2459644.7336   13.662    0.019    6.310
2459645.7249   13.660    0.019    5.290
2459646.7448   13.702    0.017    6.080
2459647.7272   13.709    0.018    5.870
2459648.2387   13.743    0.021    4.660
2459649.0632   13.770    0.025    5.720
2459650.8198   13.766    0.019    5.400
2459651.8036   13.773    0.014    3.620
2459652.1167   13.791    0.023    5.450
2459652.6564   13.790    0.020    4.690
2459652.7844   13.784    0.018    5.390
2459653.2873   13.815    0.020    5.010
2459653.6542   13.798    0.027    6.280
2459653.8939   13.812    0.018    5.570
2459654.4516   13.822    0.030    7.440
2459654.7834   13.810    0.053    5.060
2459655.4500   13.822    0.037    5.020
2459656.4508   13.839    0.028    4.090
2459656.7877   13.891    0.032    3.700
2459659.5322   13.876    0.030    4.040
2459659.7834   13.834    0.064    3.460
2459660.1167   13.898    0.017    3.450
2459660.5308   13.867    0.022    6.230
2459660.7834   13.855    0.031    4.020
2459661.1167   13.898    0.021    5.100
2459661.7848   13.876    0.026    4.310
2459662.6299   13.910    0.028    6.440
2459662.7879   13.924    0.020    5.370
2459663.6335   13.888    0.042    4.350
2459664.8000   13.913    0.034    3.710
2459665.6405   13.924    0.035    4.260
2459665.8347   13.931    0.032    3.510
2459666.6251   13.959    0.027    5.200
2459667.6429   13.956    0.025    4.980
2459667.8799   13.946    0.032    4.570
2459669.6993   13.970    0.017    3.970
2459670.6472   13.950    0.044    5.550
2459671.6105   13.968    0.027    4.400
2459672.0115   13.989    0.019    4.170
2459672.2862   13.989    0.019    4.280
2459673.4083   13.966    0.031    5.240
2459673.9876   13.988    0.022    3.560
2459674.6718   14.006    0.015    3.610
2459674.9912   14.014    0.019    4.280
2459675.6612   14.015    0.023    4.550
2459677.6161   14.020    0.014    4.120
2459677.8136   14.017    0.030    2.880
2459678.8381   14.020    0.025    5.470
2459679.8238   14.023    0.025    3.610
2459680.5746   14.060    0.037    4.240
2459681.0468   14.074    0.021    6.220
2459681.7132   14.059    0.032    3.900
2459682.0816   14.070    0.019    3.070
2459682.5744   14.050    0.019    5.180
2459682.7202   14.062    0.019    4.480
2459683.6188   14.053    0.023    4.690
2459684.5709   14.060    0.024    5.130
2459684.7133   14.075    0.051    4.050
2459686.2470   14.107    0.021    5.650
2459686.5673   14.117    0.034    4.720
2459686.8103   14.085    0.025    3.180
2459687.2620   14.114    0.018    7.150
2459687.7341   14.108    0.036    5.160
2459688.2366   14.110    0.018    6.250
2459688.5881   14.073    0.031    4.520
2459689.4146   14.085    0.044    4.110
2459690.0675   14.106    0.021    4.430
2459690.4113   14.082    0.051    4.110
2459690.7341   14.040    0.044    4.250
2459691.0812   14.093    0.020    4.800
2459691.4009   14.088    0.024    5.010
2459694.7861   14.109    0.024    4.500
2459695.5642   14.118    0.020    6.430
2459696.8696   14.131    0.022    6.710
2459697.5466   14.127    0.020    5.270
2459698.6542   14.104    0.038    4.420
2459699.6505   14.079    0.036    3.490
2459702.8493   14.130    0.018    4.490
2459704.4841   14.142    0.021    3.470
2459705.7758   14.115    0.028    4.180
2459706.5183   14.179    0.046    4.700
2459708.8724   14.147    0.031    5.040
2459709.5085   14.109    0.038    4.280
2459711.5968   14.134    0.028    3.640
2459712.4841   14.169    0.082    4.940
2459713.4910   14.144    0.023    7.360
2459714.4842   14.159    0.025    6.330
2459715.4842   14.137    0.035    4.340
2459716.4841   14.152    0.054    4.380
2459717.5257   14.118    0.027    7.250
2459731.9765   14.188    0.025    7.010
2459735.2269   14.182    0.046    4.560
2459755.4803   14.170    0.030    4.460
2459788.5985   14.170    0.024    4.740
2459788.6092   14.192    0.020    5.620
2459788.8626   14.189    0.022    5.670
2459789.3625   14.188    0.037    5.020
2459789.8557   14.199    0.018    5.060
2459789.8590   14.206    0.020    4.490
2459790.5327   14.178    0.027    6.410
2459790.9635   14.216    0.022    4.160
2459791.3102   14.276    0.148    3.920
2459791.5733   14.211    0.031   11.380
2459792.2064   14.223    0.055    5.280
2459792.2341   14.162    0.028    4.730
2459792.4895   14.195    0.022    4.440
2459805.5917   14.197    0.019    5.410
2459812.3141   14.206    0.025    4.060
2459819.5648   14.200    0.028    3.690
2459826.2443   14.199    0.019    6.420
2459833.2864   14.188    0.029    5.650
