2459599.7752    9.835    0.040    4.170
2459599.7768    9.851    0.018    4.040
2459599.7784    9.846    0.047    4.110
2459599.7800    9.850    0.046    4.030
2459599.7815    9.869    0.017    3.850
2459599.7830    9.864    0.021    3.620
2459599.7845    9.900    0.023    3.530
2459599.7861    9.884    0.029    3.890
2459599.7876    9.886    0.026    3.710
2459599.7891    9.897    0.043    3.890
2459599.7906    9.892    0.029    3.740
2459599.7922    9.865    0.024    3.710
2459599.7937    9.881    0.035    3.940
2459599.7953    9.864    0.016    3.850
2459599.7969    9.867    0.029    3.960
2459599.7984    9.862    0.025    4.090
2459599.8000    9.863    0.024    4.090
2459599.8015    9.886    0.043    3.960
2459599.8030    9.843    0.031    4.130
2459599.8045    9.878    0.030    3.940
2459599.8061    9.865    0.027    4.110
2459599.8076    9.861    0.034    4.120
2459599.8091    9.852    0.023    4.090
2459599.8106    9.858    0.018    4.060
2459599.8122    9.883    0.026    3.780
2459599.8137    9.910    0.018    3.600
2459599.8153    9.864    0.027    4.000
2459599.8168    9.869    0.014    4.060
2459599.8183    9.880    0.046    3.920
2459599.8198    9.899    0.020    3.720
2459599.8213    9.903    0.000    3.670
2459599.8228    9.880    0.031    4.030
2459599.8244    9.864    0.025    3.970
2459599.8259    9.871    0.031    3.860
2459599.8275    9.867    0.018    4.000
2459599.8290    9.867    0.040    4.110
2459599.8305    9.868    0.014    4.050
2459599.8320    9.862    0.033    3.960
2459599.8336    9.846    0.044    4.300
2459599.8351    9.849    0.046    4.080
2459599.8367    9.852    0.045    4.100
2459599.8382    9.823    0.059    4.470
2459599.8397    9.824    0.038    4.390
2459599.8412    9.819    0.101    5.060
2459599.8428    9.826    0.077    4.820
2459599.8443    9.826    0.057    4.610
2459599.8458    9.830    0.082    4.810
2459599.8475    9.828    0.074    4.720
2459602.7683    9.885    0.142    5.360
2459602.7691    9.779    0.124    5.250
2459602.7707    9.844    0.139    5.770
2459602.7715    9.825    0.108    5.260
2459602.7723    9.857    0.193    6.240
2459602.7732    9.929    0.165    5.690
2459602.7741    9.792    0.121    5.100
2459602.7750    9.814    0.095    4.820
2459602.7758    9.841    0.102    4.730
2459602.7766    9.854    0.132    5.470
2459602.7773    9.887    0.118    5.070
2459602.7781    9.862    0.063    4.250
2459602.7789    9.881    0.076    4.990
2459602.7797    9.838    0.061    4.640
2459602.7807    9.803    0.100    4.900
2459602.7815    9.830    0.079    4.880
2459602.7823    9.868    0.101    5.040
2459602.7831    9.790    0.136    5.620
2459602.7839    9.793    0.068    4.160
2459602.7847    9.911    0.034    4.950
2459602.7855    9.811    0.150    5.780
2459603.7898    9.968    0.018    3.620
2459603.7906    9.962    0.020    3.580
2459603.7914    9.965    0.029    3.630
2459603.7922    9.959    0.023    3.610
2459603.7930    9.958    0.033    3.770
2459603.7938    9.958    0.031    3.780
2459603.7946    9.953    0.026    3.780
2459603.7954    9.971    0.021    3.760
2459603.7962    9.965    0.021    3.650
2459603.7970    9.964    0.020    3.820
2459603.7978    9.941    0.023    3.660
2459603.7986    9.969    0.027    3.720
2459603.7994    9.962    0.045    3.950
2459603.8002    9.945    0.022    3.580
2459603.8010    9.954    0.035    3.430
2459603.8018    9.954    0.024    3.530
2459603.8026    9.970    0.022    3.780
2459603.8034    9.957    0.021    3.650
2459603.8042    9.962    0.015    3.670
2459603.8050    9.956    0.025    3.790
2459603.8058    9.972    0.036    4.080
2459603.8066    9.966    0.029    4.090
2459603.8074    9.969    0.021    3.840
2459603.8082    9.952    0.024    3.780
2459603.8090    9.943    0.028    3.730
2459604.7894   10.127    0.037    3.550
2459604.7902   10.140    0.038    3.590
2459604.7910   10.313    0.033    3.410
2459604.7918   10.271    0.064    3.520
2459604.7926   10.149    0.043    3.480
2459604.7934   10.127    0.034    3.460
2459604.7942   10.130    0.051    3.590
2459604.7950   10.112    0.131    3.510
2459604.7958   10.136    0.043    3.490
2459604.7966   10.133    0.037    3.490
2459604.7974   10.130    0.052    3.810
2459604.7982   10.128    0.089    3.780
2459604.7990   10.099    0.159    3.740
2459604.7998   10.162    0.261    4.030
2459604.8006   10.140    0.109    3.780
2459604.8014   10.125    0.043    3.520
2459604.8022   10.148    0.038    3.570
2459604.8030   10.172    0.062    3.980
2459604.8038   10.146    0.038    3.810
2459604.8046   10.115    0.044    3.640
2459604.8054   10.119    0.053    3.850
2459604.8062   10.269    0.035    3.800
2459604.8070   10.131    0.039    3.600
2459604.8078   10.128    0.023    3.600
2459604.8087   10.154    0.033    3.710
2459605.7778   10.445    0.190    4.000
2459605.7786   10.465    0.238    4.020
2459605.7795   10.406    0.131    3.790
2459605.7803   10.397    0.075    3.710
2459605.7812   10.394    0.111    3.930
2459605.7820   10.418    0.119    3.770
2459605.7828   10.412    0.148    3.950
2459605.7837   10.377    0.117    3.900
2459605.7845   10.373    0.142    3.870
2459605.7854   10.397    0.100    3.770
2459605.7862   10.428    0.154    4.100
2459605.7871   10.445    0.202    4.120
2459605.7880   10.464    0.184    4.000
2459605.7888   10.400    0.095    3.460
2459605.7897   10.395    0.105    3.730
2459605.7905   10.410    0.103    3.680
2459605.7913   10.385    0.102    3.670
2459605.7921   10.381    0.131    3.870
2459605.7930   10.379    0.104    3.750
2459605.7938   10.418    0.096    3.740
2459605.7947   10.419    0.094    3.730
2459605.7955   10.382    0.114    3.780
2459605.7964   10.386    0.109    3.780
2459605.7972   10.392    0.125    3.990
2459605.7980   10.454    0.191    4.070
