2459821.505740  14.526000  0.032000  1.480000
2459821.506990  14.505000  0.029000  1.550000
2459821.508230  14.496000  0.027000  1.520000
2459822.581880  14.450000  0.025000  1.530000
2459822.581880  14.469000  0.031000  1.340000
2459822.583170  14.506000  0.028000  1.450000
2459822.583170  14.564000  0.036000  1.440000
2459822.584460  14.496000  0.041000  1.440000
2459822.584460  14.500000  0.028000  1.510000
2459823.604260  14.546000  0.040000  1.400000
2459823.605540  14.453000  0.037000  1.450000
2459823.606820  14.419000  0.040000  1.440000
2459823.606820  14.433000  0.030000  2.070000
2459829.515050  14.361000  0.038000  1.510000
2459829.516350  14.486000  0.057000  1.450000
2459829.516350  14.374000  0.037000  1.540000
2459829.517670  14.214000  0.032000  1.590000
2459829.517670  14.334000  0.047000  1.420000
2459830.528810  14.327000  0.047000  1.480000
2459830.528810  14.318000  0.059000  1.350000
2459830.530110  14.337000  0.048000  1.470000
2459830.530110  14.341000  0.063000  1.510000
2459830.531410  14.415000  0.067000  1.400000
2459830.531410  14.313000  0.043000  1.510000
2459831.318150  14.329000  0.080000  1.630000
2459831.319390  14.343000  0.097000  1.480000
2459831.320630  14.388000  0.100000  1.520000
2459832.558070  14.299000  0.069000  1.520000
2459832.558070  14.330000  0.053000  1.500000
2459832.559350  14.315000  0.068000  1.500000
2459832.559360  14.220000  0.053000  1.540000
2459832.560640  14.091000  0.046000  1.530000
2459832.560640  14.268000  0.071000  1.460000
2459833.329340  14.156000  0.131000  1.510000
2459833.330580  14.144000  0.123000  1.560000
2459833.331820  14.222000  0.143000  1.730000
2459835.565460  14.020000  0.037000  1.430000
2459835.565460  14.021000  0.029000  1.480000
2459835.566750  14.085000  0.039000  1.410000
2459835.566760  14.036000  0.029000  1.520000
2459835.568050  14.078000  0.031000  1.450000
2459835.568050  14.129000  0.041000  1.470000
2459836.530050  14.016000  0.023000  1.600000
2459836.531300  14.000000  0.024000  1.640000
2459836.532530  14.023000  0.024000  1.630000
2459837.537480  13.938000  0.029000  2.240000
2459837.538720  13.910000  0.033000  2.240000
2459837.539960  13.886000  0.031000  2.230000
2459838.538530  13.820000  0.024000  1.350000
2459838.538530  13.833000  0.022000  1.540000
2459838.539800  14.164000  0.048000  1.350000
2459838.539800  13.852000  0.031000  1.610000
2459838.541100  13.775000  0.029000  1.560000
2459838.541100  13.905000  0.043000  1.400000
2459839.540750  13.600000  0.199000  1.670000
2459840.475360  13.679000  0.032000  1.470000
2459840.509910  13.716000  0.020000  1.440000
2459840.509910  13.703000  0.017000  1.510000
2459840.511210  13.685000  0.016000  1.510000
2459840.511210  13.718000  0.022000  1.410000
2459840.512500  13.699000  0.016000  1.470000
2459840.512500  13.663000  0.021000  1.470000
2459841.527160  13.548000  0.019000  2.050000
2459841.528400  13.650000  0.025000  1.670000
2459841.528400  13.550000  0.021000  2.040000
2459841.529640  13.560000  0.019000  2.030000
2459842.538890  13.449000  0.016000  1.520000
2459842.540130  13.453000  0.016000  1.570000
2459842.541370  13.446000  0.016000  1.490000
2459843.507660  13.338000  0.013000  1.470000
2459843.507660  13.351000  0.016000  1.440000
2459843.508950  13.363000  0.014000  1.500000
2459843.508960  13.347000  0.016000  1.400000
2459843.510250  13.355000  0.014000  1.500000
2459843.510250  13.380000  0.017000  1.440000
2459844.509550  13.199000  0.014000  1.570000
2459844.510800  13.210000  0.014000  1.600000
2459844.512030  13.234000  0.014000  1.610000
2459845.494820  13.019000  0.014000  1.630000
2459845.497310  13.052000  0.015000  1.640000
2459845.517090  13.167000  0.018000  2.070000
2459845.517100  13.043000  0.013000  2.030000
2459845.518330  13.047000  0.013000  2.030000
2459845.519580  13.050000  0.013000  2.040000
2459846.517560  12.949000  0.012000  1.490000
2459846.518820  12.945000  0.012000  1.550000
2459846.520040  12.949000  0.012000  1.510000
2459847.501640  12.748000  0.014000  2.370000
2459849.238390  12.785000  0.014000  1.540000
2459849.239630  12.785000  0.014000  1.540000
2459849.240870  12.795000  0.014000  1.560000
2459850.508930  12.922000  0.011000  1.440000
2459850.508930  12.947000  0.014000  1.400000
2459850.510220  12.952000  0.011000  1.490000
2459850.510220  12.935000  0.014000  1.470000
2459850.511500  12.941000  0.011000  1.500000
2459850.511510  12.956000  0.015000  1.420000
2459855.494460  13.551000  0.026000  1.450000
2459855.494460  13.532000  0.019000  1.600000
2459855.495760  13.655000  0.027000  1.460000
2459855.495760  13.591000  0.021000  1.590000
2459855.497040  13.543000  0.019000  1.540000
2459855.497040  13.574000  0.025000  1.390000
2459857.479630  13.714000  0.046000  2.070000
2459857.480880  13.677000  0.038000  2.050000
2459859.236500  13.732000  0.076000  1.520000
2459859.237750  13.869000  0.078000  1.610000
2459859.238990  13.838000  0.063000  1.430000
2459862.231420  14.033000  0.154000  1.710000
