2459407.1214   14.899    0.056
2459415.0990   16.880    0.005
2459415.1160   16.438    0.002
2459417.1037   15.960    0.026
2459423.1115   17.062    0.004
2459423.1209   19.599    0.041
2459437.1021   17.162    0.004
2459437.1174   16.717    0.003
2459441.0598   16.670    0.004
2459441.0724   18.265    0.012
2459445.1023   15.908    0.001
2459445.1125   16.134    0.002
2459447.1012   11.287    0.113
2459449.0512   15.623    0.020
2459449.0626   15.648    0.018
2459455.0956   15.990    0.018
2459455.1122   16.105    0.002
2459459.0870   17.062    0.084
2459459.1197   14.774    0.027
2459463.0485   11.452    0.157
2459463.0674   18.178    0.011
2459467.0889   19.828    0.077
2459479.0125   14.369    0.021
2459479.0143   15.825    0.020
2459479.0180   15.697    0.018
2459479.0235   15.321    0.015
2459483.0845   15.549    0.021
2459483.1173   17.458    0.075
2459483.1202   16.220    0.026
2459483.1354   16.333    0.038
2459487.1426   15.236    0.023
2459493.0167   16.939    0.005
2459493.0213   16.920    0.004
2459493.1210   16.046    0.002
2459493.1224   15.757    0.002
2459494.9848   17.348    0.008
2459500.9989   19.519    0.038
2459501.0076   19.427    0.035
2459504.9182   16.446    0.003
2459504.9366   16.572    0.003
2459507.0020   15.730    0.017
2459507.0047   16.342    0.024
2459507.0113   15.678    0.015
2459507.0467   15.469    0.014
2459509.0358   15.444    0.018
2459509.0390   16.326    0.031
2459514.9623   18.217    0.104
2459514.9641   15.819    0.013
2459516.9480   15.680    0.006
2459522.9586   16.603    0.018
2459523.0075   15.952    0.012
2459534.8894   16.203    0.044
2459534.9051   18.217    0.266
2459534.9111   15.622    0.021
2459542.8813   15.782    0.014
2459542.8841   16.036    0.016
2459542.9195   15.626    0.011
2459544.8989   16.065    0.003
2459550.9270   18.302    0.019
2459550.9302   15.720    0.010
2459558.9110   16.030    0.013
2459558.9194   16.879    0.022
2459569.9926   16.162    0.069
2459569.9963   19.599    0.930
2459570.0175   17.705    0.350
2459573.8642   18.688    0.125
2459597.8306   15.990    0.021
2459597.8334   16.321    0.028
2459597.8391   17.629    0.077
2459607.7793   16.864    0.003
2459607.7821   18.586    0.016
2459608.7777   18.308    0.013
2459609.7672   16.144    0.003
2459609.7705   15.952    0.002
2459609.7760   16.177    0.002
2459609.7906   16.068    0.002
2459610.8234   16.059    0.013
2459610.8349   16.377    0.013
2459615.7626   16.088    0.011
2459616.7595   17.573    0.013
2459616.7780   15.853    0.009
2459617.8289   15.722    0.012
2459617.8335   17.557    0.054
2459617.8446   16.447    0.017
2459618.8019   16.686    0.003
2459621.8114   16.765    0.006
2459622.7794   18.662    0.035
2459623.7559   17.899    0.099
2459623.7616   15.160    0.001
2459623.7638   17.903    0.130
2459623.7789   15.790    0.020
2459623.7826   16.889    0.053
2459623.7890   17.315    0.093
2459624.7908   16.494    0.030
2459624.7940   16.808    0.047
2459624.8007   16.105    0.022
2459624.8127   16.276    0.028
2459625.8812   20.855    4.336
2459625.8849   16.388    0.042
2459625.8904   15.833    0.026
2459625.9015   15.563    0.024
2459626.8338   19.149    0.396
2459626.8439   15.828    0.024
2459626.8503   16.815    0.060
2459627.7931   15.822    0.022
2459627.8064   15.068    0.002
2459627.8156   15.152    0.001
2459627.8233   16.767    0.049
2459627.8394   15.956    0.025
2459630.7375   16.623    0.005
2459631.7577   16.616    0.003
2459631.7707   16.426    0.002
2459632.7875   16.350    0.003
2459632.7907   18.762    0.038
2459635.7823   18.662    0.017
2459640.7711   19.579    0.061
2459640.7812   15.692    0.011
2459644.7218   16.321    0.032
2459657.7782   17.455    0.100
2459658.7550   17.235    0.005
2459658.7762   15.844    0.002
2459766.0820   14.510    0.006
2459766.0852   14.459    0.006
2459766.0952   15.135    0.009
2459766.1103   14.413    0.006
2459774.0875   14.224    0.008
2459774.1058   14.302    0.008
2459774.1163   14.393    0.011
2459774.1219   14.340    0.018
2459790.0455   14.052    0.004
2459790.0585   14.062    0.004
2459790.0622   14.217    0.004
2459790.0663   14.029    0.004
2459798.0997   13.938    0.004
2459798.1185   13.843    0.004
2459798.1262   13.822    0.005
2459798.1298   13.799    0.008
2459802.0887   13.571    0.003
2459802.1007   13.621    0.003
2459802.1103   13.619    0.003
2459802.1170   13.579    0.003
2459806.0328   13.709    0.004
2459806.0365   13.903    0.004
2459806.0419   13.755    0.004
2459806.0531   13.734    0.004
2459808.0735   13.792    0.004
2459808.0771   14.428    0.006
2459808.0826   13.741    0.004
2459808.1005   13.737    0.004
2459808.1339   12.327    0.061
2459810.0333   13.794    0.004
2459810.0506   13.916    0.004
2459810.0524   13.796    0.004
2459810.0552   13.754    0.004
2459810.0678   13.618    0.003
2459810.0701   13.744    0.003
2459810.0802   13.644    0.003
2459810.0880   13.668    0.003
2459812.0989   16.027    0.018
2459812.1117   13.758    0.004
2459812.1159   13.741    0.004
2459812.1210   13.842    0.004
2459812.1270   13.766    0.004
2459818.0829   13.482    0.003
2459818.0861   13.536    0.003
2459818.1034   13.624    0.003
2459818.1179   13.492    0.003
