2459605.2299  -12.682    0.035
2459605.2322  -12.671    0.031
2459605.2344  -12.676    0.040
2459605.2366  -12.650    0.041
2459605.2389  -12.675    0.034
2459605.2411  -12.669    0.033
2459605.2433  -12.662    0.036
2459605.2456  -12.671    0.038
2459605.2478  -12.669    0.034
2459605.2500  -12.686    0.032
2459605.2523  -12.670    0.030
2459605.2545  -12.662    0.041
2459605.2567  -12.675    0.039
2459605.2590  -12.664    0.035
2459605.2612  -12.664    0.035
2459605.2634  -12.671    0.043
2459605.2657  -12.652    0.041
2459605.2679  -12.664    0.048
2459605.2702  -12.683    0.043
2459605.2724  -12.666    0.042
2459605.2772  -12.652    0.028
2459605.2794  -12.631    0.043
2459605.2816  -12.641    0.044
2459605.2839  -12.651    0.032
2459605.2861  -12.602    0.048
2459605.2883  -12.636    0.051
2459605.2906  -12.646    0.025
2459605.2928  -12.601    0.043
2459605.2950  -12.646    0.035
2459605.2973  -12.639    0.032
2459605.2995  -12.629    0.029
2459605.3017  -12.647    0.034
2459605.3040  -12.635    0.039
2459605.3062  -12.638    0.032
2459605.3084  -12.638    0.052
2459605.3107  -12.643    0.045
2459605.3129  -12.626    0.051
2459605.3151  -12.632    0.045
2459605.3174  -12.636    0.036
2459605.3196  -12.633    0.039
2459605.3244  -12.634    0.033
2459605.3266  -12.633    0.026
2459605.3289  -12.644    0.028
2459605.3311  -12.624    0.031
2459605.3334  -12.626    0.034
2459605.3356  -12.639    0.026
2459605.3378  -12.630    0.022
2459605.3401  -12.628    0.030
2459605.3423  -12.631    0.029
2459605.3446  -12.637    0.027
2459605.3468  -12.644    0.000
2459605.3490  -12.628    0.024
2459605.3513  -12.640    0.033
2459605.3535  -12.649    0.026
2459605.3558  -12.642    0.023
2459605.3580  -12.645    0.024
2459605.3602  -12.639    0.037
2459605.3625  -12.643    0.038
