2459605.2307  -13.913    0.032
2459605.2329  -13.906    0.028
2459605.2351  -13.906    0.030
2459605.2374  -13.919    0.033
2459605.2396  -13.899    0.037
2459605.2418  -13.904    0.033
2459605.2441  -13.894    0.031
2459605.2463  -13.907    0.029
2459605.2485  -13.884    0.030
2459605.2508  -13.896    0.035
2459605.2530  -13.881    0.053
2459605.2553  -13.887    0.038
2459605.2575  -13.885    0.033
2459605.2597  -13.883    0.039
2459605.2620  -13.883    0.049
2459605.2642  -13.875    0.033
2459605.2664  -13.886    0.030
2459605.2687  -13.876    0.039
2459605.2709  -13.887    0.050
2459605.2731  -13.882    0.048
2459605.2779  -13.872    0.035
2459605.2801  -13.883    0.032
2459605.2824  -13.876    0.035
2459605.2846  -13.883    0.035
2459605.2868  -13.803    0.044
2459605.2891  -13.882    0.035
2459605.2913  -13.881    0.027
2459605.2935  -13.886    0.028
2459605.2958  -13.879    0.027
2459605.2980  -13.884    0.036
2459605.3002  -13.881    0.031
2459605.3025  -13.878    0.034
2459605.3047  -13.873    0.034
2459605.3069  -13.870    0.029
2459605.3092  -13.836    0.058
2459605.3114  -13.874    0.031
2459605.3136  -13.872    0.041
2459605.3159  -13.872    0.029
2459605.3181  -13.870    0.033
2459605.3204  -13.868    0.037
2459605.3251  -13.876    0.026
2459605.3274  -13.877    0.028
2459605.3296  -13.895    0.026
2459605.3319  -13.877    0.030
2459605.3341  -13.877    0.030
2459605.3363  -13.900    0.000
2459605.3386  -13.864    0.029
2459605.3408  -13.865    0.030
2459605.3431  -13.880    0.026
2459605.3453  -13.873    0.031
2459605.3475  -13.877    0.028
2459605.3498  -13.884    0.028
2459605.3520  -13.894    0.025
2459605.3543  -13.887    0.028
2459605.3565  -13.869    0.031
2459605.3588  -13.880    0.026
2459605.3610  -13.890    0.026
