2459605.2314  -14.034    0.012
2459605.2336  -14.029    0.010
2459605.2359  -14.023    0.013
2459605.2381  -14.018    0.011
2459605.2403  -14.030    0.011
2459605.2426  -14.035    0.014
2459605.2448  -14.024    0.011
2459605.2471  -14.030    0.010
2459605.2493  -14.027    0.013
2459605.2515  -14.025    0.012
2459605.2538  -14.022    0.012
2459605.2560  -14.013    0.014
2459605.2582  -14.026    0.011
2459605.2605  -14.024    0.013
2459605.2627  -14.022    0.013
2459605.2649  -14.017    0.012
2459605.2672  -14.022    0.015
2459605.2694  -14.005    0.012
2459605.2716  -14.024    0.010
2459605.2739  -14.011    0.013
2459605.2786  -14.024    0.012
2459605.2809  -14.026    0.012
2459605.2831  -14.016    0.013
2459605.2853  -14.008    0.012
2459605.2876  -14.019    0.011
2459605.2898  -14.016    0.012
2459605.2920  -14.015    0.011
2459605.2943  -14.015    0.013
2459605.2965  -14.012    0.012
2459605.2988  -14.014    0.010
2459605.3010  -14.015    0.011
2459605.3032  -14.009    0.012
2459605.3055  -14.010    0.011
2459605.3077  -13.996    0.011
2459605.3099  -14.000    0.012
2459605.3122  -13.995    0.012
2459605.3144  -13.997    0.012
2459605.3166  -13.987    0.011
2459605.3189  -14.001    0.015
2459605.3211  -13.996    0.012
2459605.3259  -14.001    0.008
2459605.3281  -13.993    0.010
2459605.3304  -13.997    0.011
2459605.3326  -14.000    0.000
2459605.3348  -14.001    0.012
2459605.3371  -14.001    0.010
2459605.3393  -14.001    0.010
2459605.3416  -13.992    0.012
2459605.3438  -13.996    0.010
2459605.3461  -13.993    0.010
2459605.3483  -13.997    0.011
2459605.3505  -14.003    0.011
2459605.3528  -13.990    0.014
2459605.3550  -13.996    0.011
2459605.3573  -13.997    0.014
2459605.3595  -13.991    0.014
2459605.3617  -13.991    0.015
