# obstime,calmag,calmagerr,fwhm,code
2459813.6837   12.279    0.015    6.490 tfn
2459816.6292   12.256    0.011    7.500 tfn
2459817.7053   12.231    0.011    8.580 tfn
2459818.5796   12.216    0.015    7.670 tfn
2459819.5768   12.188    0.010    8.050 tfn
2459821.6224   12.143    0.036    5.330 tfn
2459826.5903   12.126    0.088    4.280 tfn
2459826.6335   12.111    0.011    4.640 tfn
2459826.6737   12.110    0.011    4.450 tfn
2459826.7154   12.113    0.008    5.820 tfn
2459827.5574   12.127    0.008    5.300 tfn
2459827.5905   12.136    0.037    5.210 tfn
2459827.6321   12.126    0.008    4.130 tfn
2459827.6739   12.128    0.031    4.220 tfn
2459827.7154   12.117    0.033    3.970 tfn
2459827.7988   12.120    0.010    4.860 elp
2459828.5547   12.135    0.010    5.170 tfn
2459828.5903   12.131    0.010    4.770 tfn
2459828.6321   12.134    0.013    3.680 tfn
2459828.7285   12.127    0.011    3.770 tfn
2459828.7947   12.122    0.013    4.830 elp
2459828.7993   12.126    0.011    4.550 elp
2459828.8404   12.118    0.009    4.590 elp
2459828.8820   12.118    0.010    3.720 elp
2459828.9237   12.120    0.010    3.620 elp
2459828.9671   12.119    0.011    4.160 elp
2459829.5496   12.136    0.010    4.620 tfn
2459829.5905   12.129    0.008    5.180 tfn
2459829.6322   12.134    0.010    4.190 tfn
2459829.6738   12.143    0.013    3.650 tfn
2459829.7153   12.140    0.009    4.160 tfn
2459829.9576   12.106    0.019    4.920 elp
2459830.6187   12.138    0.013    3.700 tfn
2459830.6521   12.136    0.013    5.140 tfn
2459830.6980   12.141    0.013    3.730 tfn
2459830.7440   12.137    0.014    4.690 tfn
2459830.7897   12.131    0.010    4.490 elp
2459830.8360   12.129    0.010    3.840 elp
2459830.8856   12.136    0.009    3.790 elp
2459830.9271   12.130    0.011    3.200 elp
2459830.9731   12.136    0.009    3.390 elp
2459831.5443   12.147    0.009    4.660 tfn
2459831.5691   12.149    0.010    3.580 tfn
2459831.6148   12.151    0.015    3.760 tfn
2459831.6606   12.147    0.014    4.970 tfn
2459831.7063   12.144    0.014    3.220 tfn
2459831.8184   12.145    0.031    4.350 elp
2459831.8210   12.126    0.037    3.510 elp
2459831.8445   12.138    0.007    3.500 elp
2459831.8896   12.131    0.019    3.520 elp
2459831.9355   12.139    0.009    4.260 elp
2459831.9814   12.145    0.009    3.120 elp
2459832.5411   12.152    0.013    5.410 tfn
2459832.5775   12.158    0.010    4.200 tfn
2459832.6231   12.162    0.011    4.020 tfn
2459832.6689   12.160    0.012    6.540 tfn
2459832.7145   12.170    0.011    5.340 tfn
2459832.7842   12.157    0.009    3.730 elp
2459832.8064   12.157    0.008    3.810 elp
2459832.8524   12.161    0.009    4.010 elp
2459832.8979   12.160    0.007    3.830 elp
2459832.9438   12.165    0.008    3.820 elp
2459833.5400   12.166    0.013    5.280 tfn
2459833.5854   12.167    0.012    6.120 tfn
2459833.7272   12.138    0.096    4.020 tfn
2459833.7810   12.161    0.009    5.170 elp
2459833.8145   12.163    0.009    5.700 elp
2459833.8603   12.156    0.124    7.040 elp
2459833.9077   12.163    0.009    3.190 elp
2459833.9114   12.164    0.011    3.170 elp
2459833.9522   12.173    0.009    4.760 elp
2459834.5481   12.188    0.015   11.010 tfn
2459834.5941   12.185    0.016    6.250 tfn
2459834.6422   12.195    0.012    5.220 tfn
2459834.6866   12.084    0.117    6.580 tfn
2459834.7316   12.191    0.012    6.300 tfn
2459835.5331   12.203    0.015   11.150 tfn
2459835.5562   12.209    0.027   14.870 tfn
2459835.6022   12.200    0.024   13.450 tfn
2459835.6481   12.211    0.012    7.570 tfn
2459835.6939   12.208    0.009    7.030 tfn
2459835.7399   12.209    0.012    6.390 tfn
2459835.9690   12.208    0.009   10.970 elp
2459836.5309   12.216    0.010    5.080 tfn
2459836.5682   12.210    0.013    4.670 tfn
2459836.6109   12.215    0.009    4.930 tfn
2459837.5733   12.222    0.011    6.020 tfn
2459837.6189   12.219    0.014    4.630 tfn
2459837.6649   12.217    0.008    5.220 tfn
2459837.7106   12.219    0.009    6.140 tfn
2459838.7672   12.213    0.011    4.460 elp
2459838.8197   12.221    0.009    3.840 elp
2459838.9029   12.217    0.008    3.770 elp
2459838.9862   12.220    0.008    4.800 elp
2459839.5697   12.232    0.010    4.130 tfn
2459839.6529   12.231    0.010    5.080 tfn
2459839.7646   12.233    0.010    4.590 elp
2459839.8196   12.232    0.010    4.170 elp
2459839.9030   12.241    0.010    4.400 elp
2459839.9862   12.234    0.007    4.920 elp
2459840.8548   12.241    0.008    5.550 elp
2459840.8778   12.241    0.009    4.270 elp
2459840.9362   12.243    0.008    3.460 elp
2459842.8616   12.276    0.009    5.270 elp
2459842.9196   12.277    0.011    4.070 elp
2459842.9779   12.278    0.009    4.560 elp
2459843.6675   12.282    0.013    4.260 tfn
2459843.7208   12.287    0.009    4.350 tfn
2459843.7676   12.278    0.008    6.000 elp
2459843.8175   12.278    0.008    5.410 elp
2459843.8674   12.280    0.009    4.050 elp
2459843.9174   12.280    0.008    4.440 elp
2459843.9711   12.279    0.008    5.090 elp
2459844.5217   12.276    0.010    5.200 tfn
2459844.5675   12.273    0.012    4.350 tfn
2459844.6176   12.276    0.012    3.720 tfn
2459844.6703   12.278    0.012    5.010 tfn
2459844.7175   12.277    0.012    4.440 tfn
2459844.7676   12.273    0.008    4.710 elp
2459844.8175   12.269    0.008    4.490 elp
2459844.8674   12.272    0.009    4.230 elp
2459844.9174   12.261    0.010    3.970 elp
2459844.9674   12.269    0.008    4.150 elp
2459845.5247   12.263    0.010    9.160 tfn
2459845.5679   12.268    0.011    7.060 tfn
2459845.6177   12.271    0.009    6.640 tfn
2459845.6694   12.266    0.011    6.570 tfn
2459845.7191   12.271    0.019    7.320 tfn
2459845.7675   12.252    0.010    4.590 elp
2459845.8176   12.257    0.009    4.340 elp
2459845.8715   12.257    0.007    3.470 elp
2459845.9174   12.254    0.009    4.480 elp
2459845.9686   12.253    0.009    5.200 elp
2459846.7675   12.235    0.010    5.370 elp
2459846.8176   12.241    0.009    4.390 elp
2459846.8706   12.242    0.008    4.700 elp
2459846.9175   12.240    0.008    3.830 elp
2459846.9674   12.238    0.008    3.830 elp
2459847.8176   12.237    0.008    4.720 elp
2459847.9176   12.410    0.226    4.470 elp
2459847.9674   12.234    0.010    4.080 elp
2459848.7676   12.236    0.008    7.460 elp
2459849.7676   12.246    0.008    4.580 elp
2459849.8262   12.239    0.009    4.050 elp
2459849.8688   12.234    0.009    3.450 elp
2459849.9176   12.237    0.010    4.160 elp
2459849.9676   12.235    0.010    4.160 elp
2459850.7346   12.234    0.009    5.410 elp
2459850.7446   12.235    0.008    5.380 elp
2459850.8374   12.232    0.010    4.500 elp
2459850.9292   12.230    0.008    4.290 elp
2459851.7319   12.209    0.009    5.700 elp
2459851.7446   12.217    0.009    5.040 elp
2459851.8113   12.222    0.017    5.270 elp
2459851.8778   12.207    0.007    3.550 elp
2459852.4870   12.206    0.010    6.040 tfn
2459852.5447   12.206    0.012    5.530 tfn
2459852.9369   12.186    0.008    4.210 elp
2459853.6211   12.177    0.010    7.450 tfn
2459854.7249   12.152    0.009    4.780 elp
2459855.7441   12.152    0.019    7.030 elp
2459856.4758   12.168    0.010    6.170 tfn
2459856.5283   12.157    0.009    5.600 tfn
2459857.9099   12.157    0.007    3.510 elp
2459858.7669   12.150    0.009    4.290 elp
2459859.4675   12.130    0.010    6.320 tfn
2459859.5352   12.136    0.012    5.580 tfn
2459860.7952   12.128    0.028    4.410 elp
2459861.4624   12.136    0.055    4.500 tfn
2459862.4626   12.118    0.018    4.230 tfn
2459863.4635   12.120    0.011    4.530 tfn
2459864.4630   12.122    0.010    6.470 tfn
2459865.7329   12.132    0.009    4.500 elp
2459866.7329   12.123    0.009    3.920 elp
2459868.4450   12.124    0.010    5.070 tfn
2459869.4477   12.122    0.011    9.580 tfn
2459871.5213   12.160    0.012    4.680 tfn
2459872.4625   12.165    0.013    8.030 tfn
2459873.4484   12.165    0.009    6.180 tfn
2459874.4447   12.153    0.010    4.090 tfn
2459875.4279   12.146    0.011    9.700 tfn
2459877.5621   12.139    0.101    3.660 tfn
2459879.9206   12.146    0.010    3.640 elp
2459880.4308   12.157    0.008    6.110 tfn
2459883.8009   12.119    0.009    3.550 elp
2459884.7155   12.122    0.009    6.340 elp
2459885.7154   12.135    0.007    6.420 elp
2459886.8026   12.136    0.008    5.630 elp
2459887.7219   12.133    0.012    8.360 elp
2459888.4348   12.143    0.011    4.420 tfn
2459889.4474   12.143    0.013    4.210 tfn
2459889.7153   12.176    0.152    7.150 elp
2459890.4768   12.132    0.012    4.450 tfn
2459890.7156   12.117    0.010    3.360 elp
2459891.4241   12.134    0.013    5.250 tfn
2459892.7154   12.142    0.011    6.400 tfn
2459893.3928   12.152    0.010    4.600 tfn
2459893.7155   12.139    0.010    7.500 elp
2459894.4919   12.130    0.028    4.530 tfn
2459894.7155   12.136    0.009    4.870 elp
2459895.8197   12.124    0.010    6.570 elp
2459896.7155   12.116    0.012   13.290 elp
2459897.7532   12.100    0.010   10.370 elp
2459898.4618   12.115    0.011    4.650 tfn
2459898.7153   12.108    0.010    8.180 elp
2459899.3986   12.123    0.009    4.550 tfn
2459900.3820   12.133    0.010    4.550 tfn
2459901.3822   12.143    0.010    5.220 tfn
2459901.7155   12.132    0.008    4.040 elp
2459902.3822   12.143    0.010    9.080 tfn
2459903.4104   12.140    0.013   11.680 tfn
2459903.7221   12.133    0.010    5.540 tfn
2459905.3443   12.113    0.009    4.090 tfn
2459905.5792   12.115    0.010    6.700 tfn
2459906.3478   12.106    0.012    5.170 tfn
2459906.4863   12.109    0.010    5.260 tfn
2459907.3367   12.084    0.034    4.780 tfn
2459907.5799   12.101    0.010    5.530 elp
2459908.3337   12.107    0.011    4.470 tfn
2459909.3314   12.120    0.010    5.440 tfn
2459910.3306   12.105    0.010    5.260 tfn
2459910.4862   12.102    0.013    4.730 tfn
2459911.3260   12.092    0.011    5.180 tfn
2459911.5038   12.094    0.009    5.050 tfn
2459912.3304   12.084    0.009    5.450 tfn
2459912.5772   12.077    0.010    6.410 elp
2459913.6344   12.094    0.008    5.640 elp
2459914.3311   12.107    0.017    6.170 tfn
2459914.5236   12.102    0.010    5.410 tfn
2459915.4863   12.107    0.013    4.330 tfn
2459916.3307   12.116    0.011    5.030 tfn
2459916.5595   12.102    0.044    4.480 elp
2459917.4959   12.118    0.007    7.060 tfn
2459918.5774   12.112    0.009    4.180 elp
2459920.3614   12.105    0.015    4.520 tfn
2459924.7170   12.116    0.009    3.990 elp
2459924.7885   12.117    0.009    5.620 elp
2459925.4208   12.128    0.008    8.400 tfn
2459926.8088   12.102    0.010   14.850 elp
2459927.3723   12.113    0.009    7.150 tfn
2459927.7822   12.111    0.009    7.430 elp
2459928.3613   12.116    0.008    6.280 tfn
2459928.7185   12.117    0.009    6.010 elp
2459929.3863   12.129    0.010    5.350 tfn
2459929.6946   12.132    0.009    6.280 elp
2459930.3613   12.147    0.011    4.600 tfn
2459931.4610   12.160    0.009    5.130 tfn
2459931.6946   12.155    0.008    5.270 elp
2459932.3613   12.156    0.016    4.040 tfn
2459932.6946   12.154    0.006    7.280 elp
2459933.3748   12.162    0.014    4.260 tfn
2459933.6945   12.144    0.008    4.990 elp
2459934.3656   12.151    0.012    4.180 tfn
2459934.6946   12.144    0.008    4.690 elp
2459935.3613   12.157    0.011    5.200 tfn
2459936.3639   12.164    0.013    3.690 tfn
2459937.3617   12.162    0.066    7.830 tfn
2459938.4176   12.179    0.014    4.390 tfn
