# obstime,calmag,calmagerr,fwhm,code
2459812.8088   12.258    0.011    2.720 CDK17
2459823.6748   12.082    0.009    3.670 CDK17
2459823.6756   12.086    0.011    3.840 CDK17
2459823.6764   12.082    0.010    4.030 CDK17
2459823.7142   12.078    0.007    3.100 CDK17
2459823.7150   12.086    0.009    3.120 CDK17
2459823.7158   12.082    0.008    3.320 CDK17
2459823.7558   12.086    0.007    3.350 CDK17
2459823.7566   12.084    0.007    3.460 CDK17
2459823.7574   12.092    0.009    3.000 CDK17
2459823.7974   12.080    0.010    3.320 CDK17
2459823.7982   12.086    0.008    3.190 CDK17
2459823.7990   12.088    0.010    3.360 CDK17
2459823.8391   12.081    0.011    4.170 CDK17
2459823.8399   12.088    0.010    3.750 CDK17
2459823.8407   12.084    0.008    3.590 CDK17
2459824.6729   12.074    0.009    3.540 CDK17
2459824.6737   12.076    0.009    4.040 CDK17
2459824.6745   12.078    0.010    3.780 CDK17
2459824.7141   12.082    0.007    3.370 CDK17
2459824.7149   12.076    0.009    3.470 CDK17
2459824.7157   12.080    0.009    3.470 CDK17
2459824.7558   12.081    0.011    3.540 CDK17
2459824.7566   12.082    0.008    3.470 CDK17
2459824.7574   12.078    0.009    3.560 CDK17
2459824.7974   12.080    0.009    3.140 CDK17
2459824.7982   12.076    0.007    3.590 CDK17
2459824.7990   12.078    0.008    4.160 CDK17
2459824.8391   12.080    0.007    3.250 CDK17
2459824.8399   12.086    0.007    3.260 CDK17
2459824.8407   12.084    0.007    3.140 CDK17
2459825.6798   12.080    0.010    3.120 CDK17
2459825.6806   12.090    0.009    3.280 CDK17
2459825.6815   12.088    0.010    3.110 CDK17
2459825.7141   12.085    0.008    2.880 CDK17
2459825.7149   12.084    0.008    2.670 CDK17
2459825.7157   12.090    0.007    2.690 CDK17
2459825.7558   12.084    0.009    2.650 CDK17
2459825.7566   12.090    0.007    2.660 CDK17
2459825.7574   12.086    0.007    2.690 CDK17
2459825.7974   12.089    0.008    3.020 CDK17
2459825.7982   12.090    0.006    2.910 CDK17
2459825.7990   12.094    0.015    2.760 CDK17
2459825.8391   12.093    0.007    2.900 CDK17
2459825.8399   12.094    0.007    2.740 CDK17
2459825.8407   12.096    0.009    2.660 CDK17
2459827.7841   12.122    0.012    3.190 RC32
2459827.7845   12.122    0.012    3.190 RC32
2459827.7848   12.120    0.011    3.220 RC32
2459827.8253   12.123    0.010    3.450 RC32
2459827.8256   12.115    0.011    3.350 RC32
2459827.8260   12.112    0.012    3.210 RC32
2459827.8670   12.123    0.010    2.800 RC32
2459827.8673   12.121    0.010    3.140 RC32
2459827.8677   12.118    0.009    3.370 RC32
2459827.9086   12.121    0.008    2.900 RC32
2459827.9089   12.113    0.009    2.860 RC32
2459827.9093   12.116    0.012    3.010 RC32
2459827.9501   12.122    0.008    3.040 RC32
2459827.9504   12.126    0.012    3.110 RC32
2459827.9508   12.123    0.006    3.230 RC32
2459828.7840   12.122    0.012    3.310 RC32
2459828.7844   12.115    0.014    3.140 RC32
2459828.7847   12.112    0.011    3.390 RC32
2459828.8252   12.120    0.005    2.770 RC32
2459828.8255   12.114    0.010    2.660 RC32
2459828.8259   12.123    0.011    3.010 RC32
2459828.8669   12.118    0.010    2.680 RC32
2459828.8673   12.115    0.010    3.050 RC32
2459828.8676   12.112    0.009    3.110 RC32
2459828.9085   12.112    0.009    2.690 RC32
2459828.9089   12.111    0.008    2.800 RC32
2459828.9092   12.111    0.010    2.820 RC32
2459828.9500   12.115    0.010    2.670 RC32
2459828.9504   12.116    0.009    2.770 RC32
2459828.9507   12.116    0.009    2.670 RC32
2459829.7841   12.133    0.022    4.630 RC32
2459829.7844   12.131    0.018    4.020 RC32
2459829.7847   12.130    0.017    4.580 RC32
2459829.8252   12.129    0.016    3.990 RC32
2459829.8255   12.126    0.015    3.450 RC32
2459829.8258   12.124    0.011    3.410 RC32
2459831.6730   12.136    0.009    2.750 CDK17
2459831.6738   12.133    0.007    2.830 CDK17
2459831.6746   12.137    0.015    3.010 CDK17
2459831.7141   12.139    0.013    2.760 CDK17
2459831.7149   12.136    0.010    2.680 CDK17
2459831.7158   12.136    0.008    2.690 CDK17
2459831.7558   12.137    0.008    2.750 CDK17
2459831.7566   12.137    0.010    2.680 CDK17
2459831.7574   12.131    0.010    2.670 CDK17
2459831.7975   12.133    0.010    2.820 CDK17
2459831.7983   12.137    0.005    2.780 CDK17
2459831.7991   12.130    0.009    2.910 CDK17
2459831.8391   12.139    0.010    2.700 CDK17
2459831.8399   12.130    0.009    2.660 CDK17
2459831.8407   12.135    0.008    2.770 CDK17
2459832.7146   12.156    0.016    3.080 CDK17
2459832.7154   12.148    0.016    2.790 CDK17
2459832.7162   12.151    0.018    3.090 CDK17
2459832.7558   12.147    0.013    2.870 CDK17
2459832.7566   12.159    0.012    2.740 CDK17
2459832.7574   12.155    0.013    2.750 CDK17
2459832.7977   12.158    0.012    2.790 CDK17
2459832.7985   12.153    0.014    2.770 CDK17
2459832.7993   12.159    0.017    2.780 CDK17
2459832.8389   12.154    0.012    2.760 CDK17
2459832.8397   12.154    0.014    2.780 CDK17
2459832.8405   12.153    0.011    2.690 CDK17
2459833.6734   12.162    0.025    4.100 CDK17
2459833.6742   12.150    0.022    3.990 CDK17
2459833.6750   12.161    0.022    3.640 CDK17
2459835.8252   12.195    0.015    2.750 RC32
2459835.8255   12.198    0.011    2.840 RC32
2459835.8258   12.196    0.015    3.340 RC32
2459835.8669   12.205    0.013    2.710 RC32
2459835.8672   12.198    0.014    2.700 RC32
2459835.8675   12.197    0.016    3.120 RC32
2459835.9086   12.200    0.015    3.040 RC32
2459835.9089   12.198    0.010    2.760 RC32
2459835.9092   12.194    0.013    2.810 RC32
2459835.9509   12.191    0.093    3.050 RC32
2459835.9511   12.202    0.079    3.400 RC32
2459837.6733   12.177    0.036    3.440 CDK17
2459837.6741   12.173    0.035    3.620 CDK17
2459837.6749   12.174    0.035    3.640 CDK17
2459837.7841   12.215    0.022    3.630 RC32
2459837.7844   12.218    0.024    3.430 RC32
2459837.7846   12.204    0.026    3.680 RC32
2459838.6831   12.173    0.044    4.960 CDK17
2459838.6839   12.182    0.037    4.440 CDK17
2459838.6847   12.182    0.039    4.110 CDK17
2459838.7141   12.172    0.034    4.100 CDK17
2459838.7149   12.175    0.034    4.260 CDK17
2459838.7157   12.178    0.028    4.270 CDK17
2459838.7528   12.215    0.024    3.330 RC32
2459838.7530   12.206    0.023    3.070 RC32
2459838.7533   12.209    0.012    2.730 RC32
2459838.7558   12.177    0.031    3.460 CDK17
2459838.7566   12.180    0.028    3.400 CDK17
2459838.7574   12.179    0.031    3.560 CDK17
2459838.7940   12.201    0.015    3.090 RC32
2459838.7943   12.215    0.012    2.970 RC32
2459838.7946   12.210    0.017    3.440 RC32
2459838.7975   12.180    0.025    3.760 CDK17
2459838.7983   12.174    0.025    3.630 CDK17
2459838.7991   12.174    0.029    3.600 CDK17
2459838.8357   12.217    0.015    3.110 RC32
2459838.8359   12.216    0.012    3.030 RC32
2459838.8362   12.216    0.026    3.250 RC32
2459838.9083   12.212    0.021    3.140 RC32
2459838.9086   12.213    0.018    3.120 RC32
2459838.9089   12.208    0.012    2.910 RC32
2459838.9500   12.210    0.016    2.760 RC32
2459838.9503   12.208    0.013    2.850 RC32
2459838.9506   12.214    0.011    2.730 RC32
2459839.7528   12.221    0.014    3.160 RC32
2459839.7531   12.228    0.022    3.040 RC32
2459839.7534   12.204    0.024    3.350 RC32
2459839.7582   12.221    0.009    3.570 CDK17
2459839.7590   12.220    0.010    3.590 CDK17
2459839.7598   12.216    0.011    3.710 CDK17
2459839.7940   12.216    0.019    3.730 RC32
2459839.7943   12.218    0.017    3.420 RC32
2459839.7945   12.227    0.016    3.630 RC32
2459839.8356   12.221    0.011    3.420 RC32
2459839.8359   12.226    0.021    3.540 RC32
2459839.8362   12.227    0.020    3.730 RC32
2459839.9083   12.229    0.014    2.760 RC32
2459839.9086   12.227    0.016    3.020 RC32
2459839.9089   12.228    0.015    3.140 RC32
2459839.9500   12.221    0.014    3.020 RC32
2459839.9503   12.225    0.018    3.070 RC32
2459839.9506   12.225    0.014    3.150 RC32
2459840.7528   12.231    0.016    3.640 RC32
2459840.7530   12.242    0.014    4.130 RC32
2459840.7533   12.239    0.010    4.250 RC32
2459840.7939   12.243    0.014    4.500 RC32
2459840.7942   12.240    0.020    4.620 RC32
2459840.7945   12.248    0.018    4.200 RC32
2459840.8356   12.249    0.016    4.020 RC32
2459840.8359   12.240    0.014    3.340 RC32
2459840.8362   12.241    0.014    3.610 RC32
2459840.9083   12.248    0.012    3.130 RC32
2459840.9086   12.251    0.015    3.590 RC32
2459840.9089   12.246    0.016    4.240 RC32
2459840.9500   12.241    0.012    4.270 RC32
2459840.9503   12.241    0.010    3.750 RC32
2459840.9506   12.236    0.010    3.800 RC32
2459844.7526   12.275    0.010    3.720 RC32
2459844.7529   12.266    0.012    4.020 RC32
2459844.7532   12.269    0.010    3.780 RC32
2459844.7940   12.267    0.010    3.460 RC32
2459844.7942   12.262    0.011    3.060 RC32
2459844.7945   12.263    0.009    3.490 RC32
2459844.8357   12.268    0.013    2.770 RC32
2459844.8359   12.263    0.010    3.030 RC32
2459844.8362   12.266    0.011    2.840 RC32
2459844.9084   12.260    0.016    2.720 RC32
2459844.9086   12.262    0.011    2.830 RC32
2459844.9089   12.260    0.010    3.300 RC32
2459844.9500   12.265    0.008    2.700 RC32
2459844.9503   12.263    0.011    2.750 RC32
2459844.9506   12.264    0.011    2.740 RC32
2459845.7678   12.252    0.011    3.070 RC32
2459845.7681   12.251    0.014    2.790 RC32
2459845.7683   12.254    0.011    2.850 RC32
2459845.7939   12.247    0.010    3.020 RC32
2459845.7942   12.251    0.011    2.830 RC32
2459845.7945   12.248    0.008    3.030 RC32
2459845.8356   12.252    0.010    2.740 RC32
2459845.8359   12.255    0.009    3.070 RC32
2459845.8362   12.253    0.011    3.290 RC32
2459845.9084   12.252    0.012    2.660 RC32
2459845.9087   12.252    0.011    2.710 RC32
2459845.9090   12.253    0.009    2.670 RC32
2459846.7528   12.235    0.012    2.860 RC32
2459846.7531   12.235    0.010    2.750 RC32
2459846.7534   12.233    0.013    2.670 RC32
2459846.7940   12.232    0.011    3.300 RC32
2459846.7942   12.232    0.011    3.470 RC32
2459846.7945   12.235    0.012    3.520 RC32
2459846.8356   12.238    0.009    3.130 RC32
2459846.8359   12.236    0.012    3.060 RC32
2459846.8362   12.237    0.009    3.050 RC32
2459846.9084   12.244    0.012    2.700 RC32
2459846.9086   12.237    0.011    2.650 RC32
2459846.9089   12.237    0.009    2.760 RC32
2459847.7528   12.233    0.012    3.500 RC32
2459847.7531   12.230    0.013    4.220 RC32
2459847.7534   12.237    0.012    3.390 RC32
2459847.7940   12.229    0.008    3.270 RC32
2459847.7943   12.228    0.010    3.460 RC32
2459847.7945   12.227    0.014    3.700 RC32
2459847.8356   12.229    0.013    3.620 RC32
2459847.8359   12.226    0.010    3.120 RC32
2459847.8362   12.228    0.011    3.080 RC32
2459847.9084   12.234    0.009    2.810 RC32
2459847.9087   12.232    0.012    2.690 RC32
2459847.9089   12.233    0.010    2.700 RC32
2459849.7528   12.245    0.010    2.830 RC32
2459849.7531   12.235    0.010    2.810 RC32
2459849.7533   12.230    0.010    2.820 RC32
2459849.7940   12.238    0.011    2.850 RC32
2459849.7943   12.229    0.010    2.650 RC32
2459849.7946   12.234    0.011    2.740 RC32
2459849.8357   12.242    0.010    2.730 RC32
2459849.8360   12.237    0.012    2.650 RC32
2459849.8363   12.234    0.009    2.670 RC32
2459849.9083   12.236    0.013    3.100 RC32
2459849.9086   12.233    0.014    2.810 RC32
2459849.9089   12.230    0.012    2.730 RC32
2459849.9500   12.238    0.008    2.680 RC32
2459849.9503   12.235    0.012    3.000 RC32
2459849.9506   12.229    0.009    2.670 RC32
2459850.7734   12.233    0.012    2.680 RC32
2459850.7737   12.230    0.010    2.720 RC32
2459850.7740   12.226    0.009    2.730 RC32
2459850.7937   12.232    0.010    2.950 RC32
2459850.7940   12.227    0.012    2.720 RC32
2459850.7943   12.226    0.011    2.810 RC32
2459850.8357   12.230    0.011    3.110 RC32
2459850.8359   12.234    0.012    3.270 RC32
2459850.8362   12.228    0.011    3.390 RC32
2459850.9084   12.236    0.012    3.990 RC32
2459850.9086   12.235    0.013    3.190 RC32
2459850.9089   12.232    0.010    2.730 RC32
2459850.9500   12.229    0.012    3.520 RC32
2459850.9503   12.230    0.008    3.220 RC32
2459850.9506   12.226    0.010    3.240 RC32
2459851.7527   12.212    0.010    3.130 RC32
2459851.7530   12.205    0.010    3.210 RC32
2459851.7533   12.205    0.010    3.420 RC32
2459851.7939   12.202    0.012    3.400 RC32
2459851.7942   12.210    0.011    3.040 RC32
2459851.7945   12.206    0.010    3.240 RC32
2459851.8357   12.209    0.011    3.030 RC32
2459851.8360   12.206    0.009    3.080 RC32
2459851.8362   12.202    0.010    2.740 RC32
2459851.9083   12.212    0.012    3.420 RC32
2459851.9086   12.210    0.010    3.230 RC32
2459851.9089   12.210    0.010    3.200 RC32
2459851.9500   12.208    0.010    3.170 RC32
2459851.9503   12.206    0.010    2.680 RC32
2459851.9506   12.205    0.008    2.730 RC32
2459853.9093   12.162    0.008    2.680 RC32
2459853.9096   12.162    0.009    2.730 RC32
2459853.9099   12.164    0.010    2.780 RC32
2459854.7535   12.156    0.015    4.190 RC32
2459854.7539   12.150    0.011    3.800 RC32
2459854.7543   12.141    0.012    4.020 RC32
2459854.8363   12.152    0.008    3.270 RC32
2459854.8367   12.151    0.012    3.130 RC32
2459854.8371   12.150    0.010    3.000 RC32
2459855.8363   12.152    0.011    3.270 RC32
2459855.8367   12.147    0.016    2.780 RC32
2459855.8371   12.154    0.014    2.730 RC32
2459855.9206   12.150    0.013    2.670 RC32
2459855.9210   12.149    0.013    2.680 RC32
2459855.9214   12.153    0.010    2.680 RC32
2459855.9506   12.149    0.009    2.890 RC32
2459855.9510   12.155    0.010    2.790 RC32
2459855.9514   12.154    0.010    2.870 RC32
2459856.7533   12.163    0.128    3.540 RC32
2459856.7537   12.194    0.083    3.620 RC32
2459856.7541   12.191    0.033    4.060 RC32
2459856.8362   12.161    0.011    3.670 RC32
2459856.8366   12.154    0.011    3.240 RC32
2459856.8370   12.157    0.014    3.690 RC32
2459856.9092   12.171    0.079    2.850 RC32
2459856.9096   12.133    0.221    2.770 RC32
2459863.7531   12.116    0.015    2.740 RC32
2459863.7535   12.109    0.011    2.900 RC32
2459863.7540   12.115    0.018    2.810 RC32
2459863.8364   12.117    0.013    2.970 RC32
2459863.8368   12.115    0.010    3.150 RC32
2459863.8372   12.119    0.014    3.130 RC32
2459863.9097   12.120    0.016    2.910 RC32
2459863.9103   12.122    0.019    2.940 RC32
2459863.9109   12.125    0.014    2.920 RC32
2459863.9506   12.122    0.016    2.890 RC32
2459863.9510   12.117    0.013    2.870 RC32
2459863.9514   12.121    0.015    2.930 RC32
2459865.7537   12.123    0.017    3.600 RC32
2459865.7541   12.122    0.016    3.390 RC32
2459865.7545   12.136    0.017    3.380 RC32
2459865.8363   12.134    0.020    2.880 RC32
2459865.8367   12.132    0.018    3.050 RC32
2459865.8371   12.136    0.016    3.170 RC32
2459865.9089   12.132    0.029    3.340 RC32
2459865.9093   12.122    0.025    3.730 RC32
2459865.9097   12.141    0.012    3.810 RC32
2459865.9506   12.141    0.022    3.780 RC32
2459865.9510   12.111    0.019    3.790 RC32
2459865.9514   12.143    0.008    3.360 RC32
2459866.7532   12.120    0.016    2.880 RC32
2459866.7535   12.116    0.021    3.120 RC32
2459866.7539   12.122    0.020    3.070 RC32
2459866.8363   12.123    0.026    3.080 RC32
2459866.8367   12.129    0.027    3.110 RC32
2459866.8371   12.121    0.015    3.060 RC32
2459866.9089   12.130    0.012    2.790 RC32
2459866.9095   12.129    0.025    3.130 RC32
2459866.9099   12.130    0.023    3.160 RC32
2459866.9505   12.126    0.021    3.150 RC32
2459866.9509   12.130    0.022    2.750 RC32
2459866.9513   12.123    0.015    2.740 RC32
2459868.7530   12.099    0.015    2.860 RC32
2459868.7534   12.101    0.022    3.380 RC32
2459868.7537   12.096    0.015    3.140 RC32
2459873.7530   12.165    0.010    3.690 RC32
2459873.7534   12.158    0.010    4.000 RC32
2459873.7538   12.157    0.014    4.040 RC32
2459873.8363   12.158    0.013    3.790 RC32
2459873.8367   12.159    0.013    3.440 RC32
2459873.8371   12.160    0.012    3.380 RC32
2459873.9089   12.154    0.013    4.190 RC32
2459873.9093   12.151    0.012    3.480 RC32
2459873.9097   12.158    0.010    4.110 RC32
2459873.9506   12.153    0.013    3.150 RC32
2459873.9510   12.154    0.011    3.530 RC32
2459873.9513   12.152    0.010    3.330 RC32
2459874.7530   12.147    0.015    4.250 RC32
2459874.7534   12.139    0.015    4.310 RC32
2459874.7538   12.142    0.016    4.380 RC32
2459874.8362   12.138    0.013    3.740 RC32
2459874.8366   12.141    0.010    3.740 RC32
2459874.8370   12.145    0.010    3.890 RC32
2459874.9089   12.156    0.015    3.660 RC32
2459874.9093   12.146    0.010    3.860 RC32
2459874.9097   12.139    0.015    3.990 RC32
2459874.9506   12.147    0.008    3.700 RC32
2459874.9510   12.147    0.012    3.630 RC32
2459874.9514   12.147    0.011    3.590 RC32
2459877.7524   12.122    0.014    4.160 RC32
2459877.7527   12.123    0.009    3.770 RC32
2459877.7530   12.123    0.008    3.390 RC32
2459877.8356   12.123    0.014    4.150 RC32
2459877.8359   12.128    0.017    4.210 RC32
2459877.8362   12.128    0.010    4.140 RC32
2459877.9088   12.133    0.010    3.560 RC32
2459877.9091   12.130    0.012    3.500 RC32
2459877.9094   12.129    0.010    3.650 RC32
2459877.9500   12.144    0.012    4.130 RC32
2459877.9503   12.129    0.016    4.310 RC32
2459877.9506   12.137    0.014    4.250 RC32
2459878.7525   12.140    0.011    3.750 RC32
2459878.7528   12.134    0.011    3.620 RC32
2459878.7530   12.131    0.012    3.350 RC32
2459878.8356   12.131    0.011    3.280 RC32
2459878.8359   12.138    0.013    3.670 RC32
2459878.8362   12.136    0.009    2.990 RC32
2459878.9088   12.144    0.008    3.480 RC32
2459878.9091   12.138    0.013    3.350 RC32
2459878.9094   12.135    0.011    3.530 RC32
2459878.9500   12.141    0.009    3.460 RC32
2459878.9503   12.143    0.012    3.500 RC32
2459878.9506   12.138    0.011    3.290 RC32
2459879.7524   12.147    0.012    3.030 RC32
2459879.7527   12.148    0.009    3.090 RC32
2459879.7530   12.148    0.011    3.010 RC32
2459879.8356   12.146    0.011    3.050 RC32
2459879.8359   12.143    0.009    2.980 RC32
2459879.8362   12.143    0.011    2.930 RC32
2459879.9089   12.143    0.007    3.180 RC32
2459879.9092   12.142    0.011    2.900 RC32
2459879.9094   12.144    0.011    2.880 RC32
2459879.9500   12.148    0.011    2.840 RC32
2459879.9503   12.154    0.012    2.800 RC32
2459879.9506   12.144    0.011    2.820 RC32
2459880.7524   12.149    0.007    3.190 RC32
2459880.7527   12.144    0.011    3.080 RC32
2459880.7530   12.140    0.010    3.280 RC32
2459880.8356   12.144    0.010    3.040 RC32
2459880.8359   12.140    0.012    3.160 RC32
2459880.8362   12.139    0.011    2.830 RC32
2459881.7524   12.126    0.013    3.420 RC32
2459881.7527   12.126    0.010    3.280 RC32
2459881.7530   12.128    0.010    3.430 RC32
2459881.8356   12.132    0.008    3.050 RC32
2459881.8359   12.131    0.011    3.200 RC32
2459881.8362   12.131    0.010    2.850 RC32
2459881.9089   12.132    0.012    3.560 RC32
2459881.9091   12.125    0.012    3.310 RC32
2459881.9094   12.127    0.009    3.070 RC32
2459881.9500   12.129    0.010    3.160 RC32
2459881.9503   12.131    0.009    3.140 RC32
2459881.9506   12.132    0.010    3.190 RC32
2459882.6968   12.126    0.010    3.490 RC32
2459882.6971   12.119    0.011    3.040 RC32
2459882.6974   12.124    0.009    3.130 RC32
2459882.7384   12.125    0.011    3.140 RC32
2459882.7387   12.119    0.010    3.110 RC32
2459882.7390   12.120    0.008    3.260 RC32
2459882.8776   12.119    0.011    3.750 RC32
2459882.8779   12.114    0.013    4.280 RC32
2459882.8782   12.116    0.009    3.620 RC32
2459882.9500   12.120    0.010    3.630 RC32
2459882.9503   12.119    0.011    4.450 RC32
2459882.9506   12.114    0.010    3.710 RC32
2459884.6975   12.126    0.010    3.560 RC32
2459884.6979   12.115    0.010    3.600 RC32
2459884.6983   12.120    0.011    3.430 RC32
2459884.7390   12.119    0.011    2.690 RC32
2459884.7394   12.120    0.011    2.700 RC32
2459884.7398   12.119    0.010    2.700 RC32
2459884.8782   12.116    0.012    3.120 RC32
2459884.8786   12.115    0.012    2.690 RC32
2459884.8790   12.110    0.010    3.540 RC32
2459884.9505   12.116    0.012    3.250 RC32
2459884.9509   12.112    0.013    3.270 RC32
2459884.9513   12.118    0.008    3.080 RC32
2459886.7387   12.132    0.012    3.200 RC32
2459886.7390   12.131    0.012    2.860 RC32
2459886.7393   12.134    0.010    3.110 RC32
2459886.7521   12.139    0.014    2.850 RC32
2459886.7526   12.142    0.010    3.100 RC32
2459886.7529   12.139    0.010    3.180 RC32
2459886.8776   12.129    0.010    2.830 RC32
2459886.8778   12.128    0.008    2.860 RC32
2459886.8781   12.133    0.010    2.870 RC32
2459886.9500   12.120    0.012    2.840 RC32
2459886.9503   12.127    0.010    2.880 RC32
2459886.9506   12.119    0.012    2.810 RC32
2459887.7109   12.088    0.088    4.280 RC32
2459887.7112   12.130    0.019    4.320 RC32
2459887.7115   12.127    0.049    5.390 RC32
2459887.7938   12.115    0.090    5.390 RC32
2459887.7941   12.135    0.015    4.000 RC32
2459887.7944   12.129    0.014    4.390 RC32
2459888.7110   12.124    0.024    5.190 RC32
2459888.7112   12.144    0.013    4.030 RC32
2459888.7115   12.137    0.018    4.630 RC32
2459888.7940   12.154    0.016    4.360 RC32
2459888.7943   12.151    0.014    4.340 RC32
2459888.7946   12.140    0.011    3.840 RC32
2459888.8776   12.139    0.014    4.170 RC32
2459888.8779   12.137    0.014    4.370 RC32
2459888.8782   12.135    0.015    3.820 RC32
2459888.9500   12.128    0.031    5.120 RC32
2459888.9503   12.143    0.026    4.570 RC32
2459888.9506   12.126    0.022    4.200 RC32
2459890.7197   12.122    0.012    4.190 RC32
2459890.7200   12.123    0.016    4.770 RC32
2459890.7203   12.115    0.024    5.500 RC32
2459890.7940   12.118    0.014    3.820 RC32
2459890.7942   12.120    0.014    3.720 RC32
2459890.7945   12.116    0.016    4.220 RC32
2459890.8776   12.114    0.035    5.740 RC32
2459890.8779   12.117    0.025    5.020 RC32
2459890.8782   12.112    0.022    5.190 RC32
2459890.9500   12.117    0.014    4.660 RC32
2459890.9503   12.116    0.017    4.770 RC32
2459890.9506   12.117    0.028    4.990 RC32
2459892.6901   12.137    0.021    3.160 RC32
2459892.6904   12.138    0.019    3.530 RC32
2459892.6907   12.148    0.023    3.590 RC32
2459892.8151   12.127    0.019    2.800 RC32
2459892.8153   12.147    0.012    2.850 RC32
2459892.8156   12.143    0.017    2.840 RC32
2459892.8776   12.138    0.022    2.830 RC32
2459892.8779   12.136    0.028    3.210 RC32
2459892.8782   12.141    0.015    2.860 RC32
2459892.9500   12.140    0.007    3.140 RC32
2459892.9503   12.134    0.001    3.080 RC32
2459892.9506   12.134    0.016    2.980 RC32
2459894.8146   12.132    0.016    3.380 RC32
2459894.8149   12.137    0.021    3.060 RC32
2459894.8152   12.134    0.020    2.760 RC32
2459894.8248   12.133    0.022    2.910 RC32
2459894.8251   12.134    0.022    2.800 RC32
2459894.8254   12.140    0.016    2.730 RC32
2459896.8146   12.123    0.012    2.770 RC32
2459896.8149   12.121    0.013    2.760 RC32
2459896.8151   12.123    0.014    2.720 RC32
2459896.8248   12.133    0.011    3.160 RC32
2459896.8251   12.128    0.011    2.710 RC32
2459896.8254   12.124    0.010    3.310 RC32
2459896.8776   12.116    0.013    3.160 RC32
2459896.8779   12.115    0.014    3.000 RC32
2459896.8781   12.112    0.014    3.380 RC32
2459896.9500   12.109    0.023    3.150 RC32
2459896.9503   12.110    0.022    3.820 RC32
2459896.9506   12.106    0.018    3.290 RC32
2459897.7729   12.102    0.010    2.850 RC32
2459897.7732   12.099    0.010    3.000 RC32
2459897.7735   12.099    0.010    2.790 RC32
2459897.7937   12.104    0.010    2.730 RC32
2459897.7940   12.104    0.012    2.740 RC32
2459897.7943   12.099    0.009    2.750 RC32
2459898.7729   12.108    0.011    3.150 RC32
2459898.7732   12.111    0.011    3.180 RC32
2459898.7735   12.107    0.010    3.230 RC32
2459898.7939   12.109    0.011    3.740 RC32
2459898.7942   12.108    0.012    4.160 RC32
2459898.7945   12.107    0.010    3.280 RC32
2459898.8776   12.107    0.008    3.090 RC32
2459898.8779   12.104    0.009    2.840 RC32
2459898.8781   12.105    0.012    2.720 RC32
2459898.9500   12.110    0.012    2.740 RC32
2459898.9503   12.111    0.013    3.040 RC32
2459898.9506   12.124    0.018    3.040 RC32
2459901.7730   12.142    0.009    3.590 RC32
2459901.7733   12.139    0.009    3.340 RC32
2459901.7736   12.138    0.008    3.400 RC32
2459901.7939   12.141    0.012    3.730 RC32
2459901.7942   12.142    0.010    4.020 RC32
2459901.7945   12.137    0.010    3.530 RC32
2459901.8776   12.140    0.012    3.300 RC32
2459901.8779   12.142    0.014    3.700 RC32
2459901.8781   12.138    0.013    3.650 RC32
2459901.9500   12.146    0.034    2.790 RC32
2459901.9503   12.145    0.042    2.750 RC32
2459901.9505   15.010    0.035    2.750 RC32
2459904.7729   12.114    0.007    3.260 RC32
2459904.7732   12.114    0.012    3.580 RC32
2459904.7735   12.111    0.011    3.550 RC32
2459904.7939   12.114    0.010    3.080 RC32
2459904.7942   12.113    0.005    3.030 RC32
2459904.7945   12.113    0.010    3.120 RC32
2459904.8808   12.115    0.014    3.790 RC32
2459904.8810   12.111    0.011    3.650 RC32
2459904.8813   12.114    0.013    4.030 RC32
2459904.9500   12.113    0.009    3.590 RC32
2459904.9503   12.114    0.012    4.310 RC32
2459904.9506   12.113    0.012    4.090 RC32
2459905.7730   12.101    0.011    4.290 RC32
2459905.7732   12.104    0.013    3.790 RC32
2459905.7735   12.097    0.018    4.710 RC32
2459905.7939   12.100    0.020    5.270 RC32
2459905.7942   12.102    0.011    4.110 RC32
2459905.7945   12.102    0.012    4.320 RC32
2459905.8806   12.101    0.014    4.540 RC32
2459905.8809   12.096    0.011    4.580 RC32
2459905.8812   12.097    0.021    4.520 RC32
2459905.9500   12.100    0.016    4.590 RC32
2459905.9503   12.094    0.015    5.010 RC32
2459905.9506   12.099    0.012    4.570 RC32
2459906.8011   12.098    0.010    3.710 RC32
2459906.8014   12.099    0.011    3.780 RC32
2459906.8017   12.096    0.015    4.400 RC32
2459906.8046   12.105    0.009    3.690 RC32
2459906.8049   12.104    0.011    3.620 RC32
2459906.8052   12.099    0.010    3.600 RC32
2459906.8803   12.098    0.016    4.430 RC32
2459906.8806   12.098    0.019    4.040 RC32
2459906.8809   12.109    0.027    4.170 RC32
2459906.9500   12.109    0.023    4.510 RC32
2459906.9503   12.129    0.035    4.800 RC32
2459906.9506   12.115    0.039    4.810 RC32
2459907.7729   12.104    0.012    3.340 RC32
2459907.7732   12.099    0.007    3.570 RC32
2459907.7735   12.102    0.008    3.500 RC32
2459907.7937   12.102    0.009    3.500 RC32
2459907.7942   12.107    0.010    3.180 RC32
2459907.7945   12.101    0.010    3.000 RC32
2459907.8737   12.104    0.014    3.050 RC32
2459907.8740   12.103    0.008    3.210 RC32
2459907.8743   12.098    0.011    3.500 RC32
2459907.9500   12.095    0.013    3.670 RC32
2459907.9503   12.093    0.011    3.510 RC32
2459907.9506   12.097    0.011    3.660 RC32
2459910.7729   12.094    0.011    4.040 RC32
2459910.7732   12.096    0.010    4.010 RC32
2459910.7735   12.098    0.014    3.710 RC32
2459910.7937   12.097    0.013    4.320 RC32
2459910.7940   12.096    0.013    4.160 RC32
2459910.7943   12.088    0.011    4.800 RC32
2459910.8738   12.089    0.012    4.150 RC32
2459910.8741   12.085    0.025    6.640 RC32
2459910.8744   12.093    0.010    4.580 RC32
2459910.9500   12.091    0.008    3.690 RC32
2459910.9503   12.091    0.008    3.750 RC32
2459910.9506   12.088    0.010    3.710 RC32
2459911.7729   12.087    0.019    5.480 RC32
2459911.7732   12.087    0.016    5.780 RC32
2459911.7735   12.078    0.013    6.670 RC32
2459911.7937   12.096    0.013    4.470 RC32
2459911.7940   12.091    0.011    4.580 RC32
2459911.7943   12.091    0.020    5.240 RC32
2459911.8739   12.095    0.016    4.460 RC32
2459911.8741   12.084    0.012    3.830 RC32
2459911.8744   12.088    0.011    4.230 RC32
2459911.9502   12.085    0.026    5.640 RC32
2459911.9505   12.080    0.016    6.090 RC32
2459911.9508   12.077    0.017    5.350 RC32
2459914.7730   12.098    0.010    3.250 RC32
2459914.7733   12.098    0.013    3.340 RC32
2459914.7736   12.099    0.010    3.220 RC32
2459914.7937   12.106    0.011    3.590 RC32
2459914.7940   12.101    0.010    3.280 RC32
2459914.7943   12.104    0.010    3.580 RC32
2459914.8738   12.096    0.008    3.120 RC32
2459914.8741   12.093    0.009    3.100 RC32
2459914.8743   12.094    0.011    3.280 RC32
2459914.9502   12.098    0.011    3.390 RC32
2459914.9505   12.092    0.013    3.490 RC32
2459914.9508   12.090    0.014    3.590 RC32
2459915.7729   12.109    0.012    3.700 RC32
2459915.7732   12.112    0.011    3.890 RC32
2459915.7735   12.108    0.012    3.760 RC32
2459915.7937   12.111    0.016    4.180 RC32
2459915.7940   12.102    0.019    4.150 RC32
2459915.7942   12.108    0.012    4.050 RC32
2459915.8705   12.109    0.014    3.750 RC32
2459915.8707   12.098    0.013    4.110 RC32
2459915.8710   12.093    0.011    3.910 RC32
2459915.9503   12.107    0.017    4.780 RC32
2459915.9506   12.105    0.015    4.990 RC32
2459915.9509   12.106    0.024    5.150 RC32
2459916.8738   12.106    0.017    3.010 RC32
2459916.8741   12.109    0.019    3.130 RC32
2459916.8744   12.116    0.022    2.830 RC32
2459919.7834   12.099    0.009    2.740 RC32
2459919.7837   12.109    0.020    2.830 RC32
2459919.7840   12.112    0.011    2.830 RC32
2459919.7936   12.113    0.021    2.810 RC32
2459919.7939   12.092    0.004    2.880 RC32
2459919.7942   12.114    0.012    2.810 RC32
2459919.8736   12.100    0.027    3.150 RC32
2459919.8738   12.093    0.023    3.180 RC32
2459919.8741   12.110    0.031    3.060 RC32
2459919.9084   12.107    0.025    2.990 RC32
2459919.9087   12.103    0.014    3.250 RC32
2459919.9089   12.096    0.019    3.200 RC32
2459922.7834   12.116    0.027    2.870 RC32
2459922.7837   12.112    0.026    2.790 RC32
2459922.7840   12.117    0.033    2.940 RC32
2459922.7936   12.125    0.048    3.630 RC32
2459922.7938   12.095    0.008    3.560 RC32
2459922.7941   12.102    0.035    4.280 RC32
2459923.7834   12.112    0.014    3.590 RC32
2459923.7837   12.109    0.013    3.050 RC32
2459923.7840   12.114    0.012    3.210 RC32
2459923.8737   12.113    0.016    3.640 RC32
2459923.8740   12.116    0.021    3.820 RC32
2459923.8743   12.110    0.014    3.680 RC32
2459923.8981   12.117    0.020    4.670 RC32
2459923.8983   12.102    0.015    4.570 RC32
2459923.8986   12.109    0.017    4.290 RC32
2459924.7833   12.113    0.015    4.130 RC32
2459924.7836   12.114    0.016    4.110 RC32
2459924.7839   12.110    0.017    4.050 RC32
2459924.8915   12.121    0.018    5.050 RC32
2459924.8918   12.125    0.016    4.220 RC32
2459924.8921   12.123    0.009    3.640 RC32
2459924.8989   12.123    0.018    4.380 RC32
2459924.8992   12.124    0.015    4.610 RC32
2459924.8995   12.115    0.019    5.410 RC32
2459925.7833   12.108    0.013    3.610 RC32
2459925.7836   12.115    0.013    3.610 RC32
2459925.7838   12.110    0.014    4.150 RC32
2459925.7935   12.114    0.010    3.580 RC32
2459925.7938   12.109    0.012    3.460 RC32
2459925.7941   12.110    0.013    3.770 RC32
2459925.8898   12.110    0.013    3.990 RC32
2459925.8900   12.108    0.011    3.950 RC32
2459925.8903   12.097    0.017    4.040 RC32
2459925.8980   12.112    0.011    3.990 RC32
2459925.8983   12.110    0.015    4.220 RC32
2459925.8986   12.105    0.014    4.140 RC32
2459928.7833   12.116    0.010    2.680 RC32
2459928.7836   12.118    0.012    2.760 RC32
2459928.7839   12.112    0.006    2.750 RC32
2459928.7935   12.113    0.010    2.670 RC32
2459928.7938   12.120    0.012    3.020 RC32
2459928.7941   12.118    0.010    2.790 RC32
2459928.8704   12.171    0.013    2.850 RC32
2459928.8706   12.162    0.010    2.870 RC32
2459928.8709   12.167    0.010    2.820 RC32
2459929.7833   12.127    0.011    3.200 RC32
2459929.7836   12.129    0.009    2.980 RC32
2459929.7839   12.128    0.012    3.090 RC32
2459929.7935   12.129    0.009    3.330 RC32
2459929.7938   12.128    0.009    2.990 RC32
2459929.7941   12.133    0.013    3.980 RC32
2459929.8704   12.134    0.012    3.350 RC32
2459929.8706   12.134    0.013    3.420 RC32
2459929.8709   12.130    0.010    3.300 RC32
2459930.7833   12.145    0.011    2.750 RC32
2459930.7836   12.143    0.010    2.730 RC32
2459930.7839   12.147    0.012    2.800 RC32
2459930.7935   12.147    0.011    2.830 RC32
2459930.7938   12.151    0.011    2.790 RC32
2459930.7941   12.142    0.009    3.040 RC32
2459930.8900   12.147    0.010    3.160 RC32
2459930.8903   12.149    0.010    3.110 RC32
2459930.8906   12.146    0.011    3.460 RC32
2459931.6549   12.155    0.011    4.290 RC32
2459931.6552   12.148    0.012    4.370 RC32
2459931.6555   12.153    0.013    4.080 RC32
2459932.7660   12.153    0.012    3.230 RC32
2459932.7663   12.157    0.010    3.360 RC32
2459932.7665   12.145    0.008    3.230 RC32
2459933.7660   12.172    0.014    3.460 RC32
2459933.7663   12.168    0.011    3.470 RC32
2459933.7665   12.160    0.012    3.720 RC32
2459936.7660   12.194    0.010    2.720 RC32
2459936.7663   12.155    0.011    2.700 RC32
2459936.7666   12.182    0.020    2.730 RC32
