# obstime,calmag,calmagerr,fwhm,code
2459813.6843   13.206    0.015    6.740 tfn
2459816.6298   13.191    0.010    8.350 tfn
2459817.7058   13.147    0.006    9.710 tfn
2459818.5802   13.110    0.009    6.100 tfn
2459819.5774   13.084    0.011    8.680 tfn
2459821.6230   12.948    0.052    5.280 tfn
2459826.5910   12.989    0.125    4.640 tfn
2459826.6341   12.940    0.010    5.200 tfn
2459826.6743   12.940    0.009    5.060 tfn
2459826.7159   12.942    0.007    6.080 tfn
2459827.5579   12.956    0.010    6.470 tfn
2459827.5911   12.965    0.009    6.170 tfn
2459827.6327   12.955    0.004    4.260 tfn
2459827.6744   12.962    0.016    4.270 tfn
2459827.7160   12.957    0.014    4.210 tfn
2459827.7993   12.942    0.017    5.450 elp
2459828.5552   12.960    0.010    5.410 tfn
2459828.5908   12.959    0.008    5.120 tfn
2459828.6326   12.961    0.011    4.140 tfn
2459828.7290   12.950    0.010    4.330 tfn
2459828.7952   12.933    0.012    5.270 elp
2459828.7998   12.937    0.013    5.190 elp
2459828.8409   12.932    0.016    4.510 elp
2459828.8825   12.938    0.012    4.320 elp
2459828.9243   12.937    0.013    4.230 elp
2459828.9676   12.935    0.013    4.380 elp
2459829.5502   12.972    0.006    4.600 tfn
2459829.5910   12.962    0.011    5.230 tfn
2459829.6327   12.972    0.009    4.230 tfn
2459829.6743   12.978    0.012    4.530 tfn
2459829.7159   12.981    0.012    5.010 tfn
2459830.6192   12.995    0.016    4.650 tfn
2459830.6527   12.991    0.013    5.460 tfn
2459830.6985   12.990    0.016    4.530 tfn
2459830.7446   12.993    0.017    4.440 tfn
2459830.7902   12.971    0.018    5.010 elp
2459830.8365   12.974    0.015    4.150 elp
2459830.8862   12.979    0.013    3.840 elp
2459830.9276   12.982    0.017    3.570 elp
2459830.9736   12.982    0.015    3.750 elp
2459831.5448   13.017    0.010    5.080 tfn
2459831.5697   13.014    0.010    4.280 tfn
2459831.6154   13.015    0.019    4.750 tfn
2459831.6611   13.020    0.015    5.410 tfn
2459831.7069   13.014    0.017    3.660 tfn
2459831.8190   13.003    0.038    5.060 elp
2459831.8215   13.064    0.086    4.030 elp
2459831.8451   12.991    0.012    3.710 elp
2459831.8901   12.987    0.014    3.620 elp
2459831.9360   12.994    0.012    4.190 elp
2459831.9819   13.003    0.011    3.210 elp
2459832.5416   13.037    0.008    5.590 tfn
2459832.5780   13.042    0.011    4.750 tfn
2459832.6236   13.036    0.006    4.510 tfn
2459832.6694   13.034    0.006    6.660 tfn
2459832.7151   13.033    0.004    6.060 tfn
2459832.7848   13.024    0.017    4.310 elp
2459832.8069   13.026    0.015    4.180 elp
2459832.8529   13.022    0.013    4.190 elp
2459832.8984   13.029    0.013    4.290 elp
2459832.9443   13.038    0.012    4.280 elp
2459833.5405   13.055    0.011    5.660 tfn
2459833.5859   13.062    0.012    5.660 tfn
2459833.7277   13.066    0.115    4.800 tfn
2459833.7815   13.033    0.018    5.430 elp
2459833.8151   13.028    0.028    5.850 elp
2459833.9082   13.047    0.014    3.500 elp
2459833.9119   13.046    0.014    3.510 elp
2459833.9527   13.050    0.014    4.510 elp
2459834.5486   13.080    0.012   10.540 tfn
2459834.5946   13.073    0.010    7.380 tfn
2459834.6427   13.093    0.012    5.600 tfn
2459834.6871   13.074    0.026    6.720 tfn
2459834.7321   13.093    0.009    6.660 tfn
2459835.5337   13.120    0.017   14.960 tfn
2459835.5567   13.114    0.009   12.000 tfn
2459835.6027   13.122    0.018   14.470 tfn
2459835.6486   13.111    0.014    8.390 tfn
2459835.6944   13.116    0.010    6.630 tfn
2459835.7404   13.122    0.008    6.990 tfn
2459836.5314   13.128    0.007    4.630 tfn
2459836.5687   13.127    0.009    4.970 tfn
2459836.6115   13.128    0.005    5.580 tfn
2459837.5738   13.155    0.009    6.160 tfn
2459837.6194   13.152    0.012    4.810 tfn
2459837.6654   13.150    0.005    6.010 tfn
2459837.7111   13.146    0.006    6.190 tfn
2459838.7678   13.144    0.016    5.120 elp
2459838.8202   13.148    0.011    4.580 elp
2459838.9034   13.150    0.011    4.010 elp
2459838.9867   13.148    0.011    4.840 elp
2459839.5703   13.182    0.007    5.270 tfn
2459839.6534   13.186    0.014    4.550 tfn
2459839.7651   13.167    0.015    5.490 elp
2459839.8201   13.170    0.011    4.550 elp
2459839.9035   13.169    0.012    4.610 elp
2459839.9867   13.175    0.011    4.880 elp
2459840.8554   13.192    0.010    4.990 elp
2459840.8783   13.195    0.012    4.360 elp
2459840.9368   13.189    0.011    3.760 elp
2459842.8621   13.237    0.012    6.020 elp
2459842.9201   13.242    0.011    4.440 elp
2459842.9784   13.235    0.014    4.890 elp
2459843.6680   13.260    0.018    4.420 tfn
2459843.7213   13.258    0.004    5.280 tfn
2459843.7681   13.230    0.013    6.010 elp
2459843.8180   13.236    0.014    5.560 elp
2459843.8680   13.240    0.013    4.130 elp
2459843.9179   13.238    0.011    5.510 elp
2459843.9716   13.233    0.012    5.070 elp
2459844.5223   13.251    0.009    5.610 tfn
2459844.5681   13.251    0.011    5.060 tfn
2459844.6182   13.252    0.013    4.550 tfn
2459844.6709   13.252    0.011    5.140 tfn
2459844.7180   13.249    0.011    5.140 tfn
2459844.7681   13.226    0.012    4.490 elp
2459844.8180   13.226    0.012    4.580 elp
2459844.8680   13.223    0.010    4.310 elp
2459844.9179   13.227    0.009    4.680 elp
2459844.9679   13.224    0.011    4.510 elp
2459845.5252   13.245    0.011    9.120 tfn
2459845.5684   13.244    0.011    6.760 tfn
2459845.6183   13.255    0.010    7.130 tfn
2459845.6700   13.236    0.027    7.740 tfn
2459845.7196   13.244    0.018    8.010 tfn
2459845.7680   13.219    0.015    5.130 elp
2459845.8181   13.211    0.015    4.430 elp
2459845.8720   13.214    0.012    3.790 elp
2459845.9179   13.212    0.013    4.530 elp
2459845.9692   13.218    0.012    5.650 elp
2459846.7680   13.187    0.012    6.290 elp
2459846.8181   13.193    0.013    4.770 elp
2459846.8711   13.192    0.012    4.830 elp
2459846.9180   13.190    0.012    4.310 elp
2459846.9680   13.188    0.011    4.030 elp
2459847.8181   13.184    0.012    5.190 elp
2459847.9181   13.187    0.013    4.600 elp
2459847.9679   13.178    0.014    4.240 elp
2459848.7682   13.177    0.011    8.060 elp
2459849.7681   13.172    0.014    5.020 elp
2459849.8268   13.179    0.013    4.300 elp
2459849.8693   13.182    0.009    3.720 elp
2459849.9181   13.171    0.013    4.360 elp
2459849.9681   13.175    0.013    4.330 elp
2459850.7351   13.164    0.013    5.270 elp
2459850.7451   13.175    0.012    5.610 elp
2459850.8380   13.166    0.012    4.480 elp
2459850.9297   13.162    0.010    4.390 elp
2459851.7324   13.139    0.013    7.370 elp
2459851.7452   13.138    0.014    5.480 elp
2459851.8119   13.125    0.029    5.270 elp
2459851.8783   13.133    0.010    3.720 elp
2459852.4876   13.145    0.011    6.010 tfn
2459852.5452   13.133    0.009    6.560 tfn
2459852.9374   13.102    0.013    4.570 elp
2459853.6216   13.091    0.003    7.610 tfn
2459854.7254   13.040    0.015    5.460 elp
2459855.7446   13.037    0.015    7.990 elp
2459856.4763   13.054    0.008    5.580 tfn
2459856.5288   13.049    0.005    6.350 tfn
2459857.9104   13.019    0.013    3.630 elp
2459858.7675   13.001    0.014    4.540 elp
2459859.4680   13.006    0.010    7.180 tfn
2459859.5357   13.002    0.011    6.300 tfn
2459860.7957   12.981    0.019    4.660 elp
2459861.4630   12.998    0.024    5.150 tfn
2459862.4632   12.990    0.015    5.200 tfn
2459863.4641   12.986    0.009    5.100 tfn
2459864.4635   12.986    0.006    7.620 tfn
2459865.7334   12.994    0.011    4.620 elp
2459866.7335   12.988    0.011    4.300 elp
2459868.4455   12.996    0.011    5.360 tfn
2459869.4482   13.012    0.015   12.320 tfn
2459871.5218   13.060    0.011    4.670 tfn
2459872.4631   13.064    0.009    8.300 tfn
2459873.4490   13.053    0.008    6.740 tfn
2459874.4453   13.036    0.007    5.090 tfn
2459875.4285   13.037    0.018    9.400 tfn
2459877.5626   13.033    0.074    4.270 tfn
2459879.9212   13.037    0.008    4.070 elp
2459880.4313   13.058    0.009    7.490 tfn
2459883.8014   13.009    0.011    3.760 elp
2459884.7161   13.000    0.010    6.480 elp
2459885.7159   13.010    0.011    6.590 elp
2459886.8031   13.006    0.013    5.380 elp
2459887.7224   12.999    0.012    9.280 elp
2459888.4353   13.024    0.008    5.000 tfn
2459889.4480   13.030    0.009    4.690 tfn
2459889.7159   13.084    0.167    7.450 elp
2459890.4773   13.022    0.012    4.710 tfn
2459890.7161   13.003    0.013    3.620 elp
2459891.4247   13.040    0.012    5.270 tfn
2459892.7159   13.038    0.010    6.590 tfn
2459893.3933   13.039    0.007    4.430 tfn
2459893.7160   13.024    0.011    8.100 elp
2459894.4924   13.031    0.028    4.030 tfn
2459894.7160   13.017    0.014    5.330 elp
2459895.8202   13.001    0.011    7.570 elp
2459896.7160   13.002    0.013   13.110 elp
2459897.7537   12.986    0.011    9.220 elp
2459898.4623   13.015    0.011    5.160 tfn
2459898.7159   12.990    0.009    5.750 elp
2459899.3991   13.017    0.007    5.070 tfn
2459900.3825   13.026    0.009    4.720 tfn
2459901.3828   13.025    0.010    5.290 tfn
2459901.7160   13.018    0.011    4.330 elp
2459902.3827   13.027    0.009    7.640 tfn
2459903.7226   13.011    0.006    6.330 tfn
2459905.3448   12.998    0.009    4.430 tfn
2459905.5797   13.040    0.006    6.850 tfn
2459906.3484   12.991    0.010    5.610 tfn
2459906.4868   12.991    0.014    5.050 tfn
2459907.3372   13.035    0.120    5.580 tfn
2459907.5805   12.968    0.008    6.690 elp
2459908.3343   12.984    0.010    4.730 tfn
2459909.3319   12.993    0.010    5.670 tfn
2459910.3312   12.981    0.009    5.670 tfn
2459910.4868   12.973    0.015    5.170 tfn
2459911.3265   12.965    0.011    5.500 tfn
2459911.5043   12.972    0.006    5.920 tfn
2459912.3309   12.958    0.006    6.400 tfn
2459912.5777   12.952    0.012    7.110 elp
2459913.3455   13.007    0.061    5.480 tfn
2459913.6349   12.970    0.008    6.430 elp
2459914.3316   12.979    0.010    6.320 tfn
2459914.5241   12.994    0.005    6.090 tfn
2459915.4868   12.987    0.011    4.470 tfn
2459916.3313   12.994    0.008    5.360 tfn
2459916.5601   12.970    0.022    5.060 elp
2459917.4964   12.978    0.005   10.080 tfn
2459918.5779   12.989    0.018    4.430 elp
2459920.3619   12.977    0.012    5.590 tfn
2459924.7175   12.997    0.010    4.220 elp
2459924.7890   13.007    0.010    6.160 elp
2459925.4213   13.025    0.011    8.530 tfn
2459926.8094   12.991    0.012   14.620 elp
2459927.3728   13.008    0.005    7.510 tfn
2459927.7827   13.000    0.010    7.110 elp
2459928.3619   13.021    0.005    7.690 tfn
2459928.7190   13.010    0.012    6.610 elp
2459929.3868   13.034    0.011    5.590 tfn
2459929.6952   13.031    0.011    5.420 elp
2459930.3619   13.051    0.012    5.010 tfn
2459931.4615   13.063    0.003    5.420 tfn
2459931.6952   13.046    0.012    5.310 elp
2459932.3618   13.080    0.016    4.180 tfn
2459932.6951   13.054    0.011    7.730 elp
2459933.3753   13.070    0.013    4.460 tfn
2459933.6950   13.047    0.013    5.420 elp
2459934.3661   13.064    0.011    4.660 tfn
2459934.6952   13.051    0.008    6.020 elp
2459935.3619   13.076    0.010    5.440 tfn
2459936.3644   13.086    0.011    4.130 tfn
2459937.3622   13.078    0.005    6.290 tfn
2459938.4181   13.096    0.011    5.560 tfn
