# obstime,calmag,calmagerr,fwhm,code
2459813.6850   12.740    0.015    6.200 tfn
2459816.6305   12.724    0.009    8.050 tfn
2459817.7066   12.692    0.009   10.140 tfn
2459818.5810   12.664    0.008    5.210 tfn
2459819.5781   12.637    0.010    8.170 tfn
2459821.6237   12.563    0.142    4.960 tfn
2459826.5917   12.527    0.005    4.340 tfn
2459826.6348   12.529    0.014    4.760 tfn
2459826.6751   12.528    0.011    5.250 tfn
2459826.7167   12.534    0.010    5.860 tfn
2459827.5587   12.549    0.012    5.570 tfn
2459827.5918   12.548    0.010    5.760 tfn
2459827.6334   12.546    0.004    4.220 tfn
2459827.6752   12.549    0.024    4.440 tfn
2459827.7167   12.554    0.021    4.330 tfn
2459827.8000   12.539    0.013    5.210 elp
2459828.5559   12.550    0.011    5.160 tfn
2459828.5916   12.548    0.009    5.030 tfn
2459828.6334   12.548    0.012    4.120 tfn
2459828.7298   12.540    0.010    4.330 tfn
2459828.7959   12.530    0.013    5.610 elp
2459828.8006   12.533    0.011    5.310 elp
2459828.8417   12.533    0.014    4.210 elp
2459828.8833   12.530    0.014    4.280 elp
2459828.9250   12.535    0.013    4.080 elp
2459828.9684   12.533    0.014    4.270 elp
2459829.5509   12.558    0.011    4.710 tfn
2459829.5918   12.554    0.011    5.120 tfn
2459829.6335   12.554    0.011    4.600 tfn
2459829.6751   12.566    0.010    5.000 tfn
2459829.7166   12.562    0.010    4.440 tfn
2459830.6200   12.568    0.013    4.720 tfn
2459830.6534   12.571    0.011    5.590 tfn
2459830.6993   12.569    0.014    4.290 tfn
2459830.7453   12.564    0.012    4.620 tfn
2459830.7910   12.544    0.013    4.800 elp
2459830.8372   12.547    0.015    3.870 elp
2459830.8869   12.549    0.013    3.770 elp
2459830.9284   12.547    0.011    3.340 elp
2459830.9744   12.546    0.013    3.590 elp
2459831.5456   12.585    0.013    4.560 tfn
2459831.5704   12.583    0.013    4.470 tfn
2459831.6162   12.575    0.021    4.680 tfn
2459831.6618   12.581    0.016    5.200 tfn
2459831.7077   12.585    0.015    4.390 tfn
2459831.8197   12.602    0.115    4.660 elp
2459831.8223   12.601    0.181    3.700 elp
2459831.8458   12.556    0.016    3.570 elp
2459831.8909   12.550    0.016    3.540 elp
2459831.9368   12.558    0.012    3.780 elp
2459831.9826   12.562    0.014    3.100 elp
2459832.5424   12.604    0.012    5.500 tfn
2459832.5787   12.600    0.014    4.300 tfn
2459832.6244   12.598    0.006    5.290 tfn
2459832.6702   12.594    0.005    6.010 tfn
2459832.7158   12.623    0.018    5.850 tfn
2459832.7855   12.578    0.012    4.030 elp
2459832.8076   12.582    0.014    4.170 elp
2459832.8536   12.584    0.011    4.090 elp
2459832.8992   12.588    0.011    4.060 elp
2459832.9450   12.590    0.011    4.190 elp
2459833.5412   12.610    0.026    4.760 tfn
2459833.5866   12.609    0.010    5.340 tfn
2459833.7284   12.550    0.065    4.750 tfn
2459833.7822   12.593    0.012    5.170 elp
2459833.8158   12.593    0.058    6.110 elp
2459833.9089   12.606    0.012    3.250 elp
2459833.9126   12.604    0.011    3.260 elp
2459833.9535   12.598    0.010    4.380 elp
2459834.5494   12.640    0.014    9.300 tfn
2459834.5954   12.637    0.007    6.630 tfn
2459834.6434   12.642    0.014    5.480 tfn
2459834.6879   12.641    0.021    6.440 tfn
2459834.7328   12.642    0.016    7.240 tfn
2459835.5344   12.666    0.016   13.290 tfn
2459835.5575   12.662    0.016   14.510 tfn
2459835.6034   12.658    0.014   10.980 tfn
2459835.6493   12.662    0.017   11.110 tfn
2459835.6951   12.657    0.012    6.310 tfn
2459835.7411   12.656    0.011    6.870 tfn
2459835.9702   12.652    0.011   12.390 elp
2459836.5321   12.664    0.010    5.020 tfn
2459836.5694   12.669    0.015    4.210 tfn
2459836.6122   12.674    0.004    5.300 tfn
2459837.5745   12.680    0.014    5.670 tfn
2459837.6201   12.684    0.014    5.180 tfn
2459837.6662   12.678    0.007    5.720 tfn
2459837.7119   12.682    0.005    5.430 tfn
2459838.7685   12.674    0.013    5.460 elp
2459838.8209   12.682    0.008    4.170 elp
2459838.9041   12.684    0.008    4.030 elp
2459838.9875   12.682    0.011    5.120 elp
2459839.5710   12.702    0.006    5.490 tfn
2459839.6542   12.699    0.011    6.120 tfn
2459839.7658   12.698    0.008    4.700 elp
2459839.8208   12.700    0.008    4.660 elp
2459839.9043   12.706    0.009    4.620 elp
2459839.9875   12.702    0.009    4.990 elp
2459840.8561   12.714    0.012    4.040 elp
2459840.8790   12.712    0.011    4.370 elp
2459840.9375   12.718    0.008    3.560 elp
2459842.8629   12.764    0.007    6.320 elp
2459842.9209   12.756    0.013    5.030 elp
2459842.9792   12.764    0.007    5.160 elp
2459843.6688   12.765    0.016    4.500 tfn
2459843.7221   12.768    0.008    5.100 tfn
2459843.7689   12.758    0.006    5.980 elp
2459843.8187   12.760    0.009    5.690 elp
2459843.8687   12.763    0.011    3.990 elp
2459843.9186   12.761    0.008    5.400 elp
2459843.9723   12.758    0.010    4.720 elp
2459844.5230   12.757    0.012    5.080 tfn
2459844.5688   12.756    0.012    4.400 tfn
2459844.6189   12.759    0.014    4.250 tfn
2459844.6716   12.755    0.010    5.280 tfn
2459844.7187   12.754    0.009    5.360 tfn
2459844.7689   12.753    0.008    4.580 elp
2459844.8187   12.746    0.007    4.640 elp
2459844.8687   12.747    0.007    4.250 elp
2459844.9187   12.744    0.011    4.640 elp
2459844.9687   12.748    0.008    4.280 elp
2459845.5259   12.749    0.013    8.740 tfn
2459845.5692   12.748    0.013    6.400 tfn
2459845.6190   12.757    0.015    9.580 tfn
2459845.6707   12.750    0.009    8.210 tfn
2459845.7203   12.753    0.016    7.480 tfn
2459845.7687   12.741    0.006    5.670 elp
2459845.8189   12.740    0.007    4.310 elp
2459845.8727   12.739    0.009    3.990 elp
2459845.9187   12.736    0.009    4.780 elp
2459845.9699   12.735    0.008    5.730 elp
2459846.7687   12.714    0.007    5.260 elp
2459846.8188   12.716    0.008    4.650 elp
2459846.8719   12.721    0.007    4.820 elp
2459846.9187   12.719    0.009    4.790 elp
2459846.9687   12.719    0.009    3.820 elp
2459847.8188   12.711    0.008    5.390 elp
2459847.9189   12.687    0.180    4.550 elp
2459847.9687   12.711    0.009    4.110 elp
2459848.7689   12.709    0.010    7.960 elp
2459849.7689   12.708    0.008    4.880 elp
2459849.8275   12.704    0.011    4.280 elp
2459849.8700   12.704    0.011    3.980 elp
2459849.9188   12.706    0.008    4.320 elp
2459849.9689   12.701    0.013    4.490 elp
2459850.7358   12.698    0.006    5.300 elp
2459850.7458   12.697    0.011    5.800 elp
2459850.8387   12.701    0.009    4.470 elp
2459850.9304   12.698    0.009    4.190 elp
2459851.7332   12.677    0.008    5.820 elp
2459851.7459   12.676    0.008    5.840 elp
2459851.8126   12.671    0.009    4.510 elp
2459851.8790   12.676    0.010    3.440 elp
2459852.4883   12.667    0.011    6.550 tfn
2459852.5460   12.670    0.006    5.380 tfn
2459852.9382   12.651    0.007    4.420 elp
2459853.6223   12.634    0.005    8.590 tfn
2459854.7261   12.607    0.007    4.740 elp
2459855.7454   12.595    0.011    9.080 elp
2459856.4771   12.610    0.012    5.180 tfn
2459856.5296   12.608    0.007    6.020 tfn
2459857.9112   12.592    0.009    3.490 elp
2459858.7682   12.580    0.008    4.470 elp
2459859.4688   12.571    0.010    6.150 tfn
2459859.5365   12.568    0.010    5.750 tfn
2459860.7965   12.549    0.023    4.210 elp
2459861.4637   12.525    0.054    5.010 tfn
2459862.4639   12.560    0.014    4.730 tfn
2459863.4649   12.554    0.011    5.280 tfn
2459864.4642   12.564    0.006    7.050 tfn
2459865.7342   12.572    0.008    4.590 elp
2459866.7342   12.564    0.007    4.040 elp
2459868.4463   12.557    0.011    5.140 tfn
2459869.4490   12.572    0.012    9.350 tfn
2459871.5226   12.610    0.013    5.090 tfn
2459872.4638   12.618    0.015    7.660 tfn
2459873.4497   12.607    0.012    6.280 tfn
2459874.4460   12.600    0.003    4.490 tfn
2459875.4292   12.602    0.013    8.020 tfn
2459877.5634   12.590    0.019    4.570 tfn
2459879.9219   12.594    0.011    3.780 elp
2459880.4320   12.613    0.011    7.750 tfn
2459884.7168   12.561    0.008    6.700 elp
2459885.7167   12.580    0.003    6.150 elp
2459886.8038   12.577    0.009    5.790 elp
2459887.7232   12.573    0.010    9.140 elp
2459888.4360   12.585    0.011    4.510 tfn
2459889.4487   12.585    0.013    3.620 tfn
2459889.7166   12.634    0.197    7.670 elp
2459890.4780   12.576    0.013    4.640 tfn
2459890.7168   12.562    0.012    3.510 elp
2459891.4254   12.579    0.012    5.310 tfn
2459892.7166   12.590    0.010    6.780 tfn
2459893.3941   12.588    0.010    4.360 tfn
2459893.7167   12.585    0.009    7.450 elp
2459894.4931   12.579    0.017    4.630 tfn
2459894.7168   12.582    0.009    5.300 elp
2459895.8210   12.569    0.010    7.340 elp
2459896.7167   12.565    0.011   13.330 elp
2459897.7544   12.552    0.011    9.310 elp
2459898.4630   12.561    0.009    5.030 tfn
2459898.7166   12.548    0.011    6.090 elp
2459899.3999   12.569    0.008    5.120 tfn
2459900.3832   12.582    0.010    4.690 tfn
2459901.3835   12.585    0.011    5.250 tfn
2459901.7167   12.583    0.008    4.260 elp
2459902.3835   12.589    0.011    8.260 tfn
2459903.7234   12.574    0.007    5.680 tfn
2459905.3455   12.554    0.011    4.200 tfn
2459905.5805   12.555    0.006    6.380 tfn
2459906.3491   12.554    0.009    5.230 tfn
2459906.4876   12.551    0.011    5.510 tfn
2459907.3379   12.564    0.037    5.370 tfn
2459907.5812   12.538    0.007    6.470 elp
2459908.3350   12.550    0.012    4.370 tfn
2459909.3326   12.554    0.011    5.150 tfn
2459910.3319   12.541    0.012    5.580 tfn
2459910.4875   12.537    0.016    5.090 tfn
2459911.3273   12.529    0.012    5.420 tfn
2459911.5050   12.537    0.004    5.570 tfn
2459912.3317   12.529    0.004    6.130 tfn
2459912.5784   12.518    0.009    6.730 elp
2459913.3462   12.462    0.070    5.360 tfn
2459913.6357   12.532    0.009    5.670 elp
2459914.3323   12.544    0.009    6.130 tfn
2459914.5249   12.556    0.007    5.980 tfn
2459915.4876   12.548    0.012    4.550 tfn
2459916.3320   12.561    0.006    5.470 tfn
2459916.5608   12.563    0.010    4.610 elp
2459917.4972   12.556    0.004    8.470 tfn
2459918.5787   12.551    0.012    4.490 elp
2459920.3627   12.550    0.013    5.470 tfn
2459924.7898   12.561    0.011    6.090 elp
2459925.4221   12.577    0.008    8.130 tfn
2459926.8101   12.555    0.011   14.780 elp
2459927.3736   12.562    0.006    7.180 tfn
2459927.7835   12.566    0.010    8.180 elp
2459928.3626   12.579    0.007    8.230 tfn
2459928.7197   12.574    0.010    5.320 elp
2459929.3876   12.585    0.011    5.500 tfn
2459929.6959   12.578    0.010    5.310 elp
2459930.3626   12.595    0.011    5.060 tfn
2459931.4623   12.613    0.006    5.080 tfn
2459931.6959   12.610    0.010    5.050 elp
2459932.3626   12.620    0.016    4.020 tfn
2459932.6959   12.613    0.008    7.890 elp
2459933.3761   12.608    0.024    4.450 tfn
2459933.6958   12.604    0.008    6.140 elp
2459934.3669   12.609    0.011    4.340 tfn
2459934.6959   12.593    0.012    4.730 elp
2459935.3626   12.613    0.008    5.480 tfn
2459936.3652   12.623    0.009    4.030 tfn
2459937.3629   12.622    0.004    5.990 tfn
2459938.4188   12.633    0.015    5.600 tfn
