# obstime,calmag,calmagerr,fwhm,code
2459812.8116   11.792    0.009    2.670 CDK17
2459823.6773   11.642    0.010    3.630 CDK17
2459823.6780   11.652    0.012    4.220 CDK17
2459823.6787   11.654    0.011    4.210 CDK17
2459823.7166   11.652    0.010    3.260 CDK17
2459823.7173   11.659    0.012    3.370 CDK17
2459823.7180   11.647    0.009    3.250 CDK17
2459823.7582   11.652    0.011    3.040 CDK17
2459823.7589   11.651    0.013    3.210 CDK17
2459823.7596   11.649    0.009    3.120 CDK17
2459823.7999   11.655    0.010    3.210 CDK17
2459823.8006   11.655    0.011    3.000 CDK17
2459823.8013   11.654    0.011    2.800 CDK17
2459823.8415   11.655    0.010    3.210 CDK17
2459823.8422   11.654    0.010    3.130 CDK17
2459823.8429   11.658    0.009    3.170 CDK17
2459824.6753   11.652    0.010    3.660 CDK17
2459824.6760   11.645    0.011    3.460 CDK17
2459824.6767   11.652    0.008    3.510 CDK17
2459824.7166   11.647    0.007    3.090 CDK17
2459824.7173   11.648    0.009    3.170 CDK17
2459824.7179   11.654    0.005    3.370 CDK17
2459824.7582   11.650    0.009    3.630 CDK17
2459824.7589   11.648    0.011    3.640 CDK17
2459824.7596   11.647    0.010    3.780 CDK17
2459824.7999   11.649    0.011    3.570 CDK17
2459824.8006   11.656    0.008    3.290 CDK17
2459824.8013   11.652    0.010    3.160 CDK17
2459824.8415   11.656    0.010    2.760 CDK17
2459824.8422   11.653    0.010    2.690 CDK17
2459824.8429   11.652    0.006    2.720 CDK17
2459825.6823   11.658    0.010    3.030 CDK17
2459825.6830   11.650    0.008    2.710 CDK17
2459825.6837   11.656    0.010    2.730 CDK17
2459825.7166   11.654    0.009    2.870 CDK17
2459825.7173   11.657    0.009    2.780 CDK17
2459825.7180   11.661    0.008    2.790 CDK17
2459825.7583   11.661    0.010    2.670 CDK17
2459825.7590   11.657    0.008    2.860 CDK17
2459825.7596   11.653    0.009    2.670 CDK17
2459825.7999   11.665    0.020    2.880 CDK17
2459825.8006   11.661    0.010    2.920 CDK17
2459825.8013   11.668    0.006    2.990 CDK17
2459825.8416   11.665    0.009    2.760 CDK17
2459825.8423   11.662    0.007    2.730 CDK17
2459825.8430   11.666    0.007    2.690 CDK17
2459827.7852   11.687    0.018    3.340 RC32
2459827.7855   11.689    0.012    3.060 RC32
2459827.7858   11.678    0.026    3.120 RC32
2459827.8264   11.683    0.020    3.210 RC32
2459827.8267   11.682    0.016    3.290 RC32
2459827.8269   11.678    0.017    3.190 RC32
2459827.8680   11.677    0.016    2.860 RC32
2459827.8683   11.680    0.020    3.390 RC32
2459827.8686   11.685    0.017    3.360 RC32
2459827.9097   11.680    0.018    3.190 RC32
2459827.9099   11.683    0.015    3.140 RC32
2459827.9102   11.680    0.017    2.830 RC32
2459827.9512   11.684    0.013    2.810 RC32
2459827.9514   11.680    0.015    2.790 RC32
2459827.9517   11.679    0.012    2.740 RC32
2459828.7851   11.677    0.018    3.050 RC32
2459828.7854   11.684    0.016    2.710 RC32
2459828.7857   11.684    0.017    2.730 RC32
2459828.8263   11.680    0.014    2.740 RC32
2459828.8265   11.681    0.017    2.750 RC32
2459828.8268   11.685    0.017    3.070 RC32
2459828.8680   11.677    0.019    3.080 RC32
2459828.8683   11.681    0.019    3.150 RC32
2459828.8686   11.681    0.015    2.750 RC32
2459828.9096   11.680    0.018    2.660 RC32
2459828.9099   11.676    0.013    2.670 RC32
2459828.9102   11.676    0.016    2.850 RC32
2459828.9511   11.680    0.016    2.840 RC32
2459828.9514   11.678    0.015    2.670 RC32
2459828.9517   11.678    0.014    2.690 RC32
2459829.7850   11.696    0.022    3.830 RC32
2459829.7852   11.700    0.024    4.190 RC32
2459829.7855   11.694    0.027    4.430 RC32
2459829.8261   11.695    0.020    3.370 RC32
2459829.8263   11.687    0.015    3.170 RC32
2459829.8266   11.689    0.017    3.480 RC32
2459831.6755   11.689    0.012    2.870 CDK17
2459831.6761   11.693    0.009    2.720 CDK17
2459831.6768   11.698    0.010    2.720 CDK17
2459831.7166   11.690    0.013    2.770 CDK17
2459831.7173   11.686    0.010    2.690 CDK17
2459831.7180   11.683    0.010    2.830 CDK17
2459831.7583   11.693    0.012    2.650 CDK17
2459831.7590   11.691    0.011    2.670 CDK17
2459831.7597   11.688    0.010    2.710 CDK17
2459831.8000   11.691    0.008    2.690 CDK17
2459831.8006   11.688    0.006    2.700 CDK17
2459831.8013   11.688    0.009    2.660 CDK17
2459831.8416   11.694    0.012    2.720 CDK17
2459831.8423   11.689    0.009    2.660 CDK17
2459831.8430   11.687    0.006    2.710 CDK17
2459832.7171   11.700    0.013    2.710 CDK17
2459832.7177   11.698    0.014    2.730 CDK17
2459832.7184   11.700    0.012    2.700 CDK17
2459832.7583   11.701    0.013    2.670 CDK17
2459832.7589   11.702    0.011    2.680 CDK17
2459832.7596   11.696    0.015    2.830 CDK17
2459832.8002   11.701    0.014    2.890 CDK17
2459832.8009   11.694    0.015    2.810 CDK17
2459832.8016   11.702    0.013    2.960 CDK17
2459832.8414   11.709    0.015    2.690 CDK17
2459832.8421   11.698    0.008    2.720 CDK17
2459832.8428   11.703    0.014    2.720 CDK17
2459833.6759   11.707    0.009    3.250 CDK17
2459833.6766   11.710    0.013    3.390 CDK17
2459833.6773   11.715    0.007    3.370 CDK17
2459835.8261   11.734    0.017    3.420 RC32
2459835.8264   11.725    0.019    3.740 RC32
2459835.8266   11.740    0.015    2.780 RC32
2459835.8678   11.732    0.016    2.680 RC32
2459835.8681   11.734    0.019    2.680 RC32
2459835.8683   11.740    0.020    2.740 RC32
2459835.9095   11.728    0.018    3.270 RC32
2459835.9097   11.727    0.015    2.680 RC32
2459835.9099   11.733    0.017    2.730 RC32
2459835.9520   11.802    0.077    3.020 RC32
2459835.9522   11.753    0.103    3.020 RC32
2459837.6758   11.703    0.032    3.550 CDK17
2459837.6765   11.663    0.061    3.260 CDK17
2459837.6772   11.688    0.043    3.240 CDK17
2459837.7850   11.726    0.032    3.890 RC32
2459837.7852   11.727    0.029    4.580 RC32
2459837.7855   11.728    0.041    4.240 RC32
2459838.6856   11.704    0.030    3.770 CDK17
2459838.6863   11.699    0.028    3.410 CDK17
2459838.6869   11.698    0.024    3.490 CDK17
2459838.7166   11.704    0.023    3.810 CDK17
2459838.7172   11.704    0.032    3.580 CDK17
2459838.7179   11.703    0.025    3.540 CDK17
2459838.7536   11.731    0.026    2.730 RC32
2459838.7539   11.719    0.027    3.110 RC32
2459838.7541   11.732    0.022    2.760 RC32
2459838.7583   11.708    0.031    3.620 CDK17
2459838.7590   11.708    0.025    3.410 CDK17
2459838.7597   11.704    0.032    3.520 CDK17
2459838.7949   11.734    0.023    3.350 RC32
2459838.7951   11.730    0.022    3.040 RC32
2459838.7954   11.734    0.023    3.260 RC32
2459838.8000   11.708    0.022    3.130 CDK17
2459838.8007   11.704    0.023    3.080 CDK17
2459838.8014   11.699    0.027    2.830 CDK17
2459838.8365   11.721    0.019    2.880 RC32
2459838.8368   11.737    0.018    3.130 RC32
2459838.8370   11.735    0.023    2.800 RC32
2459838.9093   11.718    0.019    3.090 RC32
2459838.9095   11.736    0.021    3.030 RC32
2459838.9097   11.724    0.023    3.000 RC32
2459838.9509   11.736    0.019    2.790 RC32
2459838.9512   11.743    0.018    2.730 RC32
2459838.9514   11.738    0.021    2.700 RC32
2459839.7537   11.742    0.022    3.240 RC32
2459839.7539   11.737    0.025    3.270 RC32
2459839.7541   11.744    0.019    2.730 RC32
2459839.7607   11.747    0.011    3.450 CDK17
2459839.7613   11.750    0.009    3.410 CDK17
2459839.7620   11.741    0.007    3.320 CDK17
2459839.7949   11.746    0.022    3.490 RC32
2459839.7951   11.742    0.022    3.350 RC32
2459839.7953   11.739    0.014    3.090 RC32
2459839.8365   11.742    0.026    3.460 RC32
2459839.8368   11.748    0.021    3.660 RC32
2459839.8370   11.743    0.021    2.780 RC32
2459839.9092   11.746    0.017    2.710 RC32
2459839.9095   11.751    0.025    3.100 RC32
2459839.9097   11.742    0.018    2.730 RC32
2459839.9509   11.743    0.019    2.730 RC32
2459839.9511   11.742    0.017    2.990 RC32
2459839.9514   11.748    0.023    3.040 RC32
2459840.7537   11.751    0.023    4.220 RC32
2459840.7539   11.762    0.020    3.730 RC32
2459840.7541   11.749    0.018    3.680 RC32
2459840.7948   11.757    0.015    3.190 RC32
2459840.7951   11.750    0.016    3.270 RC32
2459840.7953   11.760    0.017    3.290 RC32
2459840.8365   11.764    0.016    3.200 RC32
2459840.8367   11.760    0.019    2.810 RC32
2459840.8370   11.757    0.021    3.160 RC32
2459840.9092   11.754    0.021    4.680 RC32
2459840.9095   11.761    0.015    3.670 RC32
2459840.9097   11.752    0.019    3.640 RC32
2459840.9509   11.748    0.020    4.070 RC32
2459840.9512   11.755    0.020    3.700 RC32
2459840.9514   11.756    0.016    3.180 RC32
2459844.7535   11.776    0.020    3.690 RC32
2459844.7537   11.774    0.019    3.660 RC32
2459844.7540   11.786    0.021    3.410 RC32
2459844.7948   11.779    0.015    2.840 RC32
2459844.7950   11.781    0.012    3.270 RC32
2459844.7953   11.778    0.010    3.170 RC32
2459844.8366   11.778    0.016    3.610 RC32
2459844.8368   11.775    0.017    3.220 RC32
2459844.8370   11.772    0.015    2.810 RC32
2459844.9093   11.770    0.016    2.720 RC32
2459844.9095   11.768    0.018    2.700 RC32
2459844.9097   11.778    0.011    2.660 RC32
2459844.9509   11.776    0.014    2.680 RC32
2459844.9512   11.774    0.013    2.700 RC32
2459844.9514   11.769    0.016    2.820 RC32
2459845.7686   11.761    0.016    3.000 RC32
2459845.7689   11.762    0.016    2.650 RC32
2459845.7691   11.769    0.018    3.020 RC32
2459845.7948   11.768    0.015    3.580 RC32
2459845.7951   11.757    0.014    2.650 RC32
2459845.7953   11.760    0.017    2.670 RC32
2459845.8365   11.763    0.017    2.830 RC32
2459845.8368   11.765    0.016    2.700 RC32
2459845.8370   11.756    0.016    2.690 RC32
2459845.9093   11.762    0.016    2.690 RC32
2459845.9095   11.761    0.016    2.740 RC32
2459845.9097   11.763    0.015    2.680 RC32
2459846.7537   11.752    0.017    2.680 RC32
2459846.7539   11.748    0.014    2.670 RC32
2459846.7542   11.747    0.015    2.800 RC32
2459846.7948   11.750    0.017    3.100 RC32
2459846.7951   11.753    0.016    3.300 RC32
2459846.7953   11.747    0.018    2.770 RC32
2459846.8365   11.748    0.019    3.050 RC32
2459846.8368   11.744    0.016    3.150 RC32
2459846.8370   11.752    0.020    3.010 RC32
2459846.9093   11.750    0.018    2.710 RC32
2459846.9095   11.750    0.012    2.680 RC32
2459846.9097   11.745    0.014    2.640 RC32
2459847.7537   11.753    0.016    3.440 RC32
2459847.7539   11.751    0.020    3.570 RC32
2459847.7541   11.747    0.023    4.140 RC32
2459847.7949   11.747    0.018    3.420 RC32
2459847.7951   11.748    0.017    3.070 RC32
2459847.7953   11.753    0.016    3.240 RC32
2459847.8365   11.744    0.017    2.800 RC32
2459847.8368   11.744    0.022    3.050 RC32
2459847.8370   11.748    0.022    3.040 RC32
2459847.9093   11.754    0.012    2.900 RC32
2459847.9095   11.752    0.014    2.780 RC32
2459847.9097   11.749    0.012    2.670 RC32
2459849.7537   11.756    0.014    3.070 RC32
2459849.7539   11.762    0.016    2.760 RC32
2459849.7541   11.757    0.019    3.350 RC32
2459849.7949   11.756    0.013    2.660 RC32
2459849.7951   11.759    0.017    2.670 RC32
2459849.7953   11.753    0.016    2.830 RC32
2459849.8366   11.752    0.013    2.700 RC32
2459849.8368   11.740    0.015    2.720 RC32
2459849.8370   11.754    0.016    2.710 RC32
2459849.9093   11.749    0.015    2.780 RC32
2459849.9095   11.751    0.015    2.830 RC32
2459849.9097   11.756    0.019    2.850 RC32
2459849.9509   11.756    0.013    2.880 RC32
2459849.9511   11.749    0.012    2.700 RC32
2459849.9514   11.754    0.016    2.920 RC32
2459850.7743   11.747    0.010    2.650 RC32
2459850.7745   11.751    0.016    2.770 RC32
2459850.7747   11.757    0.019    2.710 RC32
2459850.7946   11.752    0.015    2.740 RC32
2459850.7949   11.756    0.012    2.720 RC32
2459850.7951   11.757    0.017    2.670 RC32
2459850.8366   11.747    0.019    2.720 RC32
2459850.8368   11.754    0.014    2.810 RC32
2459850.8370   11.747    0.015    2.690 RC32
2459850.9093   11.750    0.014    2.870 RC32
2459850.9095   11.750    0.019    3.160 RC32
2459850.9097   11.753    0.017    2.800 RC32
2459850.9509   11.751    0.012    2.770 RC32
2459850.9512   11.752    0.019    3.420 RC32
2459850.9514   11.750    0.015    3.020 RC32
2459851.7536   11.732    0.017    3.140 RC32
2459851.7538   11.728    0.015    2.650 RC32
2459851.7541   11.738    0.016    3.250 RC32
2459851.7948   11.730    0.015    3.180 RC32
2459851.7951   11.724    0.015    2.810 RC32
2459851.7953   11.728    0.014    3.040 RC32
2459851.8366   11.735    0.017    3.000 RC32
2459851.8368   11.730    0.017    3.250 RC32
2459851.8370   11.736    0.014    3.020 RC32
2459851.9092   11.732    0.019    2.810 RC32
2459851.9095   11.732    0.015    3.060 RC32
2459851.9097   11.736    0.017    3.100 RC32
2459851.9509   11.724    0.013    2.720 RC32
2459851.9512   11.733    0.011    2.700 RC32
2459851.9514   11.734    0.013    2.840 RC32
2459853.9102   11.698    0.013    2.670 RC32
2459853.9104   11.695    0.009    3.020 RC32
2459853.9107   11.692    0.014    2.670 RC32
2459854.7547   11.681    0.018    4.020 RC32
2459854.7550   11.682    0.020    4.210 RC32
2459854.7554   11.688    0.020    4.320 RC32
2459854.8376   11.687    0.020    3.090 RC32
2459854.8379   11.684    0.021    3.410 RC32
2459854.8383   11.689    0.020    3.050 RC32
2459855.8376   11.692    0.021    2.730 RC32
2459855.8379   11.694    0.018    2.680 RC32
2459855.8382   11.686    0.016    2.800 RC32
2459855.9218   11.689    0.018    2.720 RC32
2459855.9221   11.686    0.012    2.710 RC32
2459855.9225   11.690    0.014    2.710 RC32
2459855.9518   11.691    0.012    2.930 RC32
2459855.9522   11.690    0.014    3.130 RC32
2459855.9525   11.698    0.017    3.070 RC32
2459856.7545   11.834    0.405    4.040 RC32
2459856.7549   11.756    0.288    3.780 RC32
2459856.8374   11.697    0.018    3.300 RC32
2459856.8378   11.696    0.017    3.410 RC32
2459856.8381   11.695    0.018    3.680 RC32
2459863.7545   11.667    0.020    2.890 RC32
2459863.7548   11.671    0.012    2.750 RC32
2459863.7551   11.664    0.016    2.700 RC32
2459863.8376   11.667    0.018    2.890 RC32
2459863.8379   11.668    0.019    2.990 RC32
2459863.8383   11.668    0.016    2.910 RC32
2459863.9115   11.671    0.018    2.780 RC32
2459863.9120   11.668    0.021    2.820 RC32
2459863.9126   11.664    0.023    2.870 RC32
2459863.9518   11.670    0.020    2.790 RC32
2459863.9522   11.668    0.015    2.740 RC32
2459863.9525   11.668    0.017    2.750 RC32
2459865.7549   11.671    0.022    3.370 RC32
2459865.7552   11.674    0.021    3.230 RC32
2459865.7556   11.678    0.023    3.200 RC32
2459865.8375   11.678    0.018    2.890 RC32
2459865.8378   11.677    0.021    2.750 RC32
2459865.8382   11.682    0.023    2.780 RC32
2459865.9101   11.680    0.017    3.100 RC32
2459865.9104   11.686    0.034    3.760 RC32
2459865.9108   11.692    0.028    3.320 RC32
2459865.9518   11.665    0.039    3.070 RC32
2459865.9521   11.678    0.022    3.570 RC32
2459865.9524   11.695    0.011    3.260 RC32
2459866.7544   11.676    0.026    3.330 RC32
2459866.7547   11.671    0.021    3.030 RC32
2459866.7550   11.669    0.025    3.030 RC32
2459866.8375   11.680    0.026    3.010 RC32
2459866.8379   11.673    0.026    3.170 RC32
2459866.8382   11.665    0.027    3.350 RC32
2459866.9103   11.667    0.028    2.840 RC32
2459866.9106   11.673    0.021    3.080 RC32
2459866.9110   11.673    0.025    3.030 RC32
2459866.9518   11.672    0.016    2.820 RC32
2459866.9521   11.672    0.027    2.750 RC32
2459866.9524   11.672    0.013    2.780 RC32
2459868.7542   11.647    0.019    3.810 RC32
2459868.7545   11.650    0.017    3.480 RC32
2459868.7549   11.650    0.016    3.160 RC32
2459873.7542   11.693    0.017    3.260 RC32
2459873.7546   11.692    0.017    3.440 RC32
2459873.7549   11.695    0.018    3.690 RC32
2459873.8375   11.696    0.018    3.410 RC32
2459873.8378   11.698    0.019    3.010 RC32
2459873.8382   11.700    0.019    3.330 RC32
2459873.9101   11.696    0.017    3.470 RC32
2459873.9105   11.697    0.021    3.620 RC32
2459873.9108   11.694    0.018    3.650 RC32
2459873.9518   11.692    0.010    2.670 RC32
2459873.9521   11.688    0.016    2.720 RC32
2459873.9525   11.692    0.018    3.320 RC32
2459874.7542   11.677    0.022    4.270 RC32
2459874.7546   11.699    0.020    4.300 RC32
2459874.7549   11.682    0.017    4.150 RC32
2459874.8374   11.680    0.020    3.820 RC32
2459874.8378   11.680    0.019    3.700 RC32
2459874.8381   11.678    0.018    3.550 RC32
2459874.9101   11.672    0.020    3.620 RC32
2459874.9104   11.686    0.019    3.710 RC32
2459874.9108   11.672    0.017    3.710 RC32
2459874.9518   11.689    0.022    3.700 RC32
2459874.9522   11.686    0.021    3.640 RC32
2459874.9525   11.676    0.024    3.760 RC32
2459877.7533   11.663    0.019    4.240 RC32
2459877.7535   11.659    0.019    4.100 RC32
2459877.7537   11.667    0.019    4.050 RC32
2459877.8365   11.664    0.018    3.990 RC32
2459877.8367   11.668    0.020    3.310 RC32
2459877.8370   11.670    0.018    3.740 RC32
2459877.9097   11.665    0.018    3.690 RC32
2459877.9100   11.666    0.018    3.280 RC32
2459877.9102   11.662    0.016    3.270 RC32
2459877.9509   11.674    0.020    4.280 RC32
2459877.9511   11.666    0.020    3.990 RC32
2459877.9514   11.673    0.021    4.150 RC32
2459878.7534   11.673    0.019    3.410 RC32
2459878.7536   11.670    0.017    3.740 RC32
2459878.7538   11.670    0.015    3.210 RC32
2459878.8365   11.676    0.017    3.370 RC32
2459878.8368   11.670    0.018    3.680 RC32
2459878.8370   11.674    0.016    2.790 RC32
2459878.9097   11.677    0.021    4.280 RC32
2459878.9099   11.679    0.017    3.310 RC32
2459878.9102   11.678    0.018    3.560 RC32
2459878.9509   11.680    0.019    3.540 RC32
2459878.9511   11.677    0.015    3.270 RC32
2459878.9514   11.681    0.020    3.080 RC32
2459879.7533   11.678    0.015    3.050 RC32
2459879.7535   11.680    0.019    3.020 RC32
2459879.7537   11.683    0.014    3.130 RC32
2459879.8365   11.686    0.019    2.980 RC32
2459879.8367   11.682    0.018    3.000 RC32
2459879.8369   11.682    0.019    3.140 RC32
2459879.9097   11.678    0.014    2.970 RC32
2459879.9100   11.690    0.015    2.870 RC32
2459879.9102   11.684    0.014    2.840 RC32
2459879.9509   11.693    0.014    2.810 RC32
2459879.9511   11.686    0.014    2.820 RC32
2459879.9513   11.685    0.011    2.830 RC32
2459880.7533   11.682    0.015    3.140 RC32
2459880.7535   11.686    0.015    2.760 RC32
2459880.7537   11.667    0.017    2.680 RC32
2459880.8365   11.677    0.013    2.660 RC32
2459880.8367   11.684    0.019    3.050 RC32
2459880.8369   11.683    0.019    3.150 RC32
2459881.7533   11.667    0.016    3.460 RC32
2459881.7535   11.671    0.016    3.140 RC32
2459881.7537   11.667    0.021    3.120 RC32
2459881.8366   11.672    0.019    3.320 RC32
2459881.8368   11.669    0.018    3.350 RC32
2459881.8370   11.669    0.015    2.820 RC32
2459881.9098   11.670    0.017    2.710 RC32
2459881.9100   11.668    0.014    3.440 RC32
2459881.9102   11.669    0.017    4.240 RC32
2459881.9509   11.666    0.014    3.220 RC32
2459881.9511   11.658    0.014    3.220 RC32
2459881.9514   11.662    0.016    3.560 RC32
2459882.6977   11.660    0.021    3.190 RC32
2459882.6979   11.654    0.018    3.060 RC32
2459882.6982   11.657    0.015    2.750 RC32
2459882.7393   11.662    0.015    3.480 RC32
2459882.7395   11.660    0.014    3.090 RC32
2459882.7398   11.655    0.018    3.260 RC32
2459882.8785   11.656    0.018    3.490 RC32
2459882.8787   11.661    0.015    3.390 RC32
2459882.8790   11.655    0.013    3.150 RC32
2459882.9509   11.652    0.015    3.370 RC32
2459882.9512   11.648    0.014    3.150 RC32
2459882.9514   11.653    0.014    3.490 RC32
2459884.6987   11.653    0.024    4.020 RC32
2459884.6990   11.651    0.020    3.730 RC32
2459884.6994   11.656    0.019    3.750 RC32
2459884.7402   11.661    0.016    2.700 RC32
2459884.7405   11.657    0.018    2.740 RC32
2459884.7409   11.659    0.017    3.160 RC32
2459884.8794   11.658    0.012    2.700 RC32
2459884.8798   11.652    0.015    2.660 RC32
2459884.8801   11.654    0.015    2.670 RC32
2459884.9518   11.656    0.016    2.810 RC32
2459884.9521   11.653    0.016    2.840 RC32
2459884.9524   11.663    0.016    2.790 RC32
2459886.7396   11.672    0.018    2.910 RC32
2459886.7398   11.678    0.019    2.830 RC32
2459886.7401   11.673    0.020    3.080 RC32
2459886.7532   11.685    0.018    3.540 RC32
2459886.7535   11.684    0.019    2.870 RC32
2459886.7537   11.675    0.017    3.120 RC32
2459886.8784   11.685    0.018    2.810 RC32
2459886.8786   11.673    0.016    2.900 RC32
2459886.8789   11.672    0.018    2.830 RC32
2459886.9509   11.678    0.016    2.800 RC32
2459886.9512   11.673    0.016    2.860 RC32
2459886.9514   11.671    0.015    2.870 RC32
2459887.7118   11.674    0.022    4.510 RC32
2459887.7121   11.672    0.016    4.230 RC32
2459887.7123   11.685    0.028    4.490 RC32
2459887.7949   11.622    0.295    3.610 RC32
2459887.7951   11.670    0.065    3.890 RC32
2459887.7953   11.679    0.032    3.350 RC32
2459888.7118   11.673    0.019    3.830 RC32
2459888.7121   11.673    0.020    3.810 RC32
2459888.7123   11.686    0.024    4.260 RC32
2459888.7949   11.677    0.018    3.820 RC32
2459888.7951   11.682    0.017    4.010 RC32
2459888.7953   11.668    0.018    4.030 RC32
2459888.8786   11.680    0.018    3.680 RC32
2459888.8788   11.671    0.018    3.450 RC32
2459888.8790   11.683    0.017    3.550 RC32
2459888.9509   11.670    0.031    3.810 RC32
2459888.9511   11.665    0.026    4.110 RC32
2459888.9513   11.675    0.023    3.470 RC32
2459890.7206   11.657    0.022    3.730 RC32
2459890.7208   11.660    0.023    3.520 RC32
2459890.7210   11.653    0.020    4.200 RC32
2459890.7948   11.662    0.021    3.990 RC32
2459890.7951   11.664    0.018    3.510 RC32
2459890.7953   11.657    0.021    3.650 RC32
2459890.8785   11.655    0.022    4.410 RC32
2459890.8787   11.654    0.024    4.550 RC32
2459890.8789   11.655    0.031    5.200 RC32
2459890.9509   11.654    0.017    3.810 RC32
2459890.9511   11.664    0.017    4.250 RC32
2459890.9513   11.655    0.021    4.430 RC32
2459892.6910   11.679    0.017    3.310 RC32
2459892.6913   11.667    0.019    3.500 RC32
2459892.6915   11.664    0.026    3.030 RC32
2459892.8160   11.677    0.029    3.010 RC32
2459892.8162   11.675    0.024    2.990 RC32
2459892.8164   11.675    0.026    2.900 RC32
2459892.8785   11.676    0.025    2.910 RC32
2459892.8787   11.677    0.022    2.890 RC32
2459892.8789   11.667    0.019    2.950 RC32
2459892.9509   11.674    0.014    3.250 RC32
2459892.9511   11.690    0.021    3.240 RC32
2459892.9513   11.665    0.019    3.080 RC32
2459894.8155   11.667    0.024    2.910 RC32
2459894.8157   11.680    0.029    2.920 RC32
2459894.8160   11.680    0.028    2.920 RC32
2459894.8257   11.675    0.019    2.740 RC32
2459894.8260   11.670    0.024    2.730 RC32
2459894.8262   11.670    0.022    3.040 RC32
2459896.8154   11.653    0.015    2.770 RC32
2459896.8157   11.659    0.016    2.690 RC32
2459896.8159   11.664    0.015    2.690 RC32
2459896.8257   11.658    0.017    2.670 RC32
2459896.8259   11.658    0.017    3.020 RC32
2459896.8261   11.662    0.011    2.700 RC32
2459896.8784   11.650    0.017    3.430 RC32
2459896.8787   11.654    0.011    3.410 RC32
2459896.8789   11.654    0.016    3.400 RC32
2459896.9509   11.649    0.023    3.330 RC32
2459896.9511   11.650    0.018    3.170 RC32
2459896.9514   11.647    0.024    3.540 RC32
2459897.7738   11.638    0.018    2.750 RC32
2459897.7741   11.637    0.018    2.790 RC32
2459897.7743   11.642    0.013    2.800 RC32
2459897.7946   11.637    0.018    2.760 RC32
2459897.7948   11.637    0.015    2.750 RC32
2459897.7951   11.626    0.014    2.710 RC32
2459898.7738   11.647    0.012    3.110 RC32
2459898.7740   11.650    0.014    2.820 RC32
2459898.7743   11.644    0.014    3.090 RC32
2459898.7948   11.645    0.017    3.710 RC32
2459898.7951   11.642    0.017    3.180 RC32
2459898.7953   11.648    0.020    3.710 RC32
2459898.8784   11.648    0.016    3.010 RC32
2459898.8787   11.646    0.018    3.060 RC32
2459898.8789   11.646    0.010    3.140 RC32
2459898.9509   11.647    0.020    3.150 RC32
2459898.9511   11.650    0.022    3.070 RC32
2459898.9514   11.650    0.015    2.760 RC32
2459901.7739   11.678    0.012    3.510 RC32
2459901.7742   11.672    0.016    3.280 RC32
2459901.7744   11.677    0.013    3.200 RC32
2459901.7948   11.681    0.015    3.260 RC32
2459901.7950   11.675    0.019    3.300 RC32
2459901.7952   11.680    0.015    3.690 RC32
2459901.8785   11.682    0.017    3.460 RC32
2459901.8787   11.674    0.021    3.830 RC32
2459901.8789   11.681    0.013    3.230 RC32
2459904.7738   11.656    0.017    3.290 RC32
2459904.7741   11.652    0.017    3.310 RC32
2459904.7743   11.651    0.019    3.200 RC32
2459904.7948   11.652    0.017    2.680 RC32
2459904.7950   11.652    0.018    2.710 RC32
2459904.7952   11.648    0.016    2.660 RC32
2459904.8817   11.650    0.017    3.430 RC32
2459904.8819   11.651    0.017    3.520 RC32
2459904.8821   11.646    0.016    3.070 RC32
2459904.9509   11.644    0.016    4.240 RC32
2459904.9512   11.650    0.025    4.780 RC32
2459904.9514   11.654    0.021    3.530 RC32
2459905.7739   11.637    0.019    4.070 RC32
2459905.7741   11.643    0.019    4.130 RC32
2459905.7743   11.640    0.023    4.600 RC32
2459905.7948   11.644    0.016    3.760 RC32
2459905.7950   11.644    0.020    4.010 RC32
2459905.7952   11.648    0.022    4.040 RC32
2459905.8815   11.628    0.021    4.060 RC32
2459905.8817   11.634    0.019    4.340 RC32
2459905.8820   11.636    0.021    4.710 RC32
2459905.9509   11.630    0.022    4.460 RC32
2459905.9511   11.641    0.027    4.570 RC32
2459905.9514   11.639    0.020    3.510 RC32
2459906.8020   11.635    0.016    4.240 RC32
2459906.8022   11.641    0.022    4.120 RC32
2459906.8024   11.643    0.020    4.380 RC32
2459906.8055   11.652    0.020    3.380 RC32
2459906.8057   11.649    0.015    3.280 RC32
2459906.8059   11.647    0.020    3.080 RC32
2459906.8812   11.638    0.053    4.090 RC32
2459906.8814   11.642    0.018    4.330 RC32
2459906.8817   11.644    0.025    3.450 RC32
2459906.9509   11.646    0.098    4.320 RC32
2459906.9512   11.630    0.077    4.710 RC32
2459906.9514   11.612    0.029    4.820 RC32
2459907.7738   11.645    0.015    3.350 RC32
2459907.7740   11.642    0.019    3.410 RC32
2459907.7743   11.642    0.019    3.500 RC32
2459907.7948   11.647    0.016    2.780 RC32
2459907.7950   11.644    0.015    2.770 RC32
2459907.7953   11.649    0.017    2.790 RC32
2459907.8746   11.645    0.014    3.090 RC32
2459907.8748   11.633    0.015    3.110 RC32
2459907.8750   11.644    0.014    3.370 RC32
2459907.9509   11.633    0.021    3.320 RC32
2459907.9512   11.639    0.070    3.590 RC32
2459907.9514   11.633    0.031    3.460 RC32
2459910.7738   11.636    0.020    4.220 RC32
2459910.7741   11.639    0.017    3.760 RC32
2459910.7743   11.632    0.021    4.140 RC32
2459910.7946   11.641    0.021    4.820 RC32
2459910.7948   11.642    0.018    4.610 RC32
2459910.7951   11.640    0.017    3.550 RC32
2459910.8747   11.633    0.019    4.710 RC32
2459910.8749   11.624    0.027    5.180 RC32
2459910.8752   11.634    0.024    5.160 RC32
2459910.9509   11.651    0.018    3.670 RC32
2459910.9511   11.640    0.016    3.460 RC32
2459910.9514   11.634    0.019    3.510 RC32
2459911.7739   11.628    0.019    5.330 RC32
2459911.7741   11.622    0.019    4.760 RC32
2459911.7743   11.630    0.023    5.290 RC32
2459911.7946   11.619    0.026    5.550 RC32
2459911.7948   11.630    0.021    4.990 RC32
2459911.7950   11.640    0.019    4.630 RC32
2459911.8748   11.630    0.018    4.080 RC32
2459911.8750   11.630    0.019    4.330 RC32
2459911.8752   11.628    0.016    4.170 RC32
2459911.9511   11.631    0.026    5.420 RC32
2459911.9514   11.625    0.038    6.330 RC32
2459911.9516   11.623    0.040    7.150 RC32
2459914.7739   11.647    0.016    3.270 RC32
2459914.7741   11.641    0.014    3.190 RC32
2459914.7744   11.642    0.017    2.710 RC32
2459914.7946   11.645    0.016    3.340 RC32
2459914.7948   11.644    0.018    4.050 RC32
2459914.7951   11.647    0.019    4.160 RC32
2459914.8747   11.640    0.013    3.140 RC32
2459914.8749   11.641    0.013    3.150 RC32
2459914.8751   11.632    0.014    3.090 RC32
2459914.9511   11.637    0.022    4.210 RC32
2459914.9514   11.635    0.017    3.490 RC32
2459914.9516   11.637    0.014    3.590 RC32
2459915.7738   11.644    0.021    4.060 RC32
2459915.7741   11.657    0.019    3.670 RC32
2459915.7743   11.648    0.016    3.810 RC32
2459915.7946   11.646    0.018    3.980 RC32
2459915.7948   11.658    0.023    4.300 RC32
2459915.7950   11.656    0.017    3.810 RC32
2459915.8714   11.643    0.018    3.710 RC32
2459915.8716   11.642    0.021    3.770 RC32
2459915.8718   11.644    0.016    3.910 RC32
2459915.9512   11.643    0.023    5.360 RC32
2459915.9514   11.635    0.031    5.040 RC32
2459915.9517   11.644    0.025    5.120 RC32
2459916.8747   11.666    0.028    2.760 RC32
2459916.8750   11.656    0.024    3.380 RC32
2459916.8752   11.648    0.033    3.040 RC32
2459919.7843   11.645    0.035    2.930 RC32
2459919.7845   11.654    0.033    2.810 RC32
2459919.7847   11.646    0.042    3.120 RC32
2459919.7945   11.648    0.033    3.050 RC32
2459919.7947   11.637    0.034    3.030 RC32
2459919.7949   11.670    0.047    3.560 RC32
2459919.8744   11.642    0.028    3.130 RC32
2459919.8747   11.657    0.037    3.100 RC32
2459919.8749   11.642    0.031    2.980 RC32
2459919.9093   11.644    0.039    2.990 RC32
2459919.9095   11.638    0.038    3.000 RC32
2459919.9097   11.652    0.041    2.920 RC32
2459922.7843   11.672    0.038    2.950 RC32
2459922.7845   11.644    0.042    2.780 RC32
2459922.7848   11.650    0.043    2.830 RC32
2459922.7945   11.639    0.026    3.100 RC32
2459922.7947   11.659    0.040    3.430 RC32
2459922.7949   11.650    0.030    3.210 RC32
2459923.7843   11.666    0.017    3.760 RC32
2459923.7845   11.654    0.016    3.670 RC32
2459923.7847   11.664    0.018    4.320 RC32
2459923.8747   11.650    0.017    3.460 RC32
2459923.8749   11.658    0.019    3.350 RC32
2459923.8751   11.660    0.017    3.460 RC32
2459923.8989   11.643    0.036    5.290 RC32
2459923.8992   11.642    0.046    5.150 RC32
2459923.8994   11.634    0.042    4.520 RC32
2459924.7842   11.659    0.020    3.720 RC32
2459924.7844   11.658    0.017    3.630 RC32
2459924.7847   11.652    0.019    3.680 RC32
2459924.8924   11.669    0.023    4.690 RC32
2459924.8926   11.668    0.027    4.490 RC32
2459924.8928   11.674    0.024    4.630 RC32
2459924.8998   11.660    0.020    5.090 RC32
2459924.9000   11.666    0.022    4.450 RC32
2459924.9002   11.674    0.026    4.650 RC32
2459925.7842   11.644    0.018    3.640 RC32
2459925.7844   11.646    0.023    3.620 RC32
2459925.7846   11.644    0.017    3.680 RC32
2459925.7944   11.648    0.018    3.410 RC32
2459925.7946   11.646    0.019    3.550 RC32
2459925.7949   11.648    0.015    3.390 RC32
2459925.8906   11.650    0.019    4.160 RC32
2459925.8909   11.650    0.017    4.180 RC32
2459925.8911   11.649    0.019    3.850 RC32
2459925.8990   11.643    0.021    3.760 RC32
2459925.8992   11.654    0.019    3.870 RC32
2459925.8994   11.652    0.019    3.820 RC32
2459928.7842   11.648    0.011    2.760 RC32
2459928.7844   11.644    0.015    2.730 RC32
2459928.7846   11.648    0.016    2.810 RC32
2459928.7944   11.648    0.015    2.660 RC32
2459928.7947   11.643    0.016    2.690 RC32
2459928.7949   11.645    0.019    2.720 RC32
2459928.8713   11.649    0.016    2.740 RC32
2459928.8715   11.648    0.016    2.860 RC32
2459928.8717   11.647    0.019    2.720 RC32
2459929.7842   11.660    0.016    3.020 RC32
2459929.7844   11.664    0.018    3.450 RC32
2459929.7846   11.664    0.018    3.380 RC32
2459929.7945   11.654    0.013    2.980 RC32
2459929.7947   11.667    0.016    3.110 RC32
2459929.7949   11.666    0.018    3.010 RC32
2459929.8712   11.664    0.019    3.570 RC32
2459929.8715   11.658    0.023    3.540 RC32
2459929.8717   11.662    0.019    3.330 RC32
2459930.7842   11.673    0.010    2.730 RC32
2459930.7845   11.674    0.014    2.770 RC32
2459930.7847   11.676    0.015    2.690 RC32
2459930.7944   11.675    0.013    2.720 RC32
2459930.7947   11.675    0.014    2.790 RC32
2459930.7949   11.670    0.018    3.060 RC32
2459930.8909   11.681    0.019    3.150 RC32
2459930.8912   11.681    0.018    3.260 RC32
2459930.8914   11.679    0.016    3.130 RC32
2459931.6558   11.686    0.018    4.030 RC32
2459931.6560   11.689    0.020    3.820 RC32
2459931.6562   11.688    0.017    3.850 RC32
2459931.6682   11.688    0.016    3.460 RC32
2459931.6684   11.684    0.019    3.670 RC32
2459931.6687   11.683    0.019    3.650 RC32
2459932.7669   11.684    0.016    3.230 RC32
2459932.7671   11.687    0.014    3.220 RC32
2459932.7673   11.683    0.013    3.220 RC32
2459933.7668   11.676    0.014    3.370 RC32
2459933.7671   11.668    0.015    3.360 RC32
2459933.7673   11.673    0.015    3.360 RC32
2459936.7669   11.678    0.018    2.690 RC32
2459936.7672   11.670    0.015    2.750 RC32
2459936.7674   11.676    0.013    2.710 RC32
