2459435.1032   13.1680    0.0020
2459435.1133   13.1730    0.0020
2459435.1203   13.1640    0.0020
2459435.1268   13.1560    0.0020
2459439.0930   13.1440    0.0020
2459439.1128   13.1570    0.0020
2459439.1271   13.1500    0.0020
2459439.1313   13.1650    0.0020
2459465.0656   13.1120    0.0020
2459465.0740   13.1060    0.0020
2459465.0772   13.1150    0.0020
2459465.0877   13.1290    0.0020
2459465.0960   14.9270    0.0280
2459465.1011   13.3150    0.0030
2459469.0697   13.1240    0.0020
2459469.0720   13.1170    0.0020
2459469.0762   13.1180    0.0020
2459469.0906   13.1320    0.0020
2459473.0360   13.1480    0.0020
2459473.0575   13.1310    0.0020
2459473.0607   13.1460    0.0020
2459473.0675   13.1390    0.0020
2459524.9607   13.1130    0.0020
2459524.9639   13.1300    0.0020
2459524.9699   13.1180    0.0020
2459525.0046   13.1240    0.0020
2459613.8081   13.1370    0.0020
2459613.8187   13.1300    0.0020
2459613.8210   13.2950    0.0100
2459613.8219   13.1400    0.0020
2459613.8324   13.1110    0.0020
2459613.8329   13.2400    0.0030
2459614.7552   13.1210    0.0020
2459614.7589   13.1300    0.0020
2459614.7683   13.1210    0.0020
2459614.7771   13.3250    0.0030
2459614.7803   13.1370    0.0020
2459615.7586   13.1410    0.0020
2459615.7613   13.1190    0.0020
2459615.7673   13.1260    0.0020
2459615.7728   13.2530    0.0030
2459615.7793   13.0890    0.0020
2459635.7809   13.1960    0.0020
2459635.7823   13.1330    0.0020
2459635.7860   13.1260    0.0020
2459635.7897   13.1580    0.0020
2459635.7924   13.1530    0.0020
2459635.8020   13.1440    0.0020
2459635.8025   13.1430    0.0020
2459637.7852   13.1470    0.0020
2459637.7884   13.1340    0.0020
2459637.7953   13.1770    0.0020
2459637.8090   13.1260    0.0020
2459639.7223   13.1980    0.0030
2459639.7255   13.2250    0.0030
2459639.7274   13.1190    0.0020
2459639.7306   13.1110    0.0020
2459639.7315   13.1390    0.0020
2459639.7361   13.1240    0.0020
2459639.7416   13.1420    0.0020
2459639.7476   13.1130    0.0020
2459643.7677   13.1190    0.0030
2459643.7712   13.1380    0.0030
2459643.7776   13.1100    0.0030
2459643.7880   13.1030    0.0030
2459661.7452   13.0340    0.0030
2459661.7530   13.1110    0.0020
2459661.7640   13.0990    0.0020
2459768.0934   12.9880    0.0040
2459768.0989   12.9820    0.0030
2459768.1149   12.9650    0.0020
2459792.0933   12.9350    0.0020
2459792.1107   12.9010    0.0020
2459792.1139   12.9170    0.0020
2459792.1195   12.8700    0.0020
2459800.0846   12.7800    0.0020
2459800.0876   12.7890    0.0020
2459800.0945   12.7840    0.0020
2459800.1096   12.7900    0.0020
