# obstime,calmag,calmagerr,fwhm,code
2459812.8055   13.181    0.013    3.180 CDK17
2459823.6715   12.917    0.012    4.020 CDK17
2459823.6725   12.903    0.011    3.650 CDK17
2459823.6736   12.902    0.010    3.840 CDK17
2459823.7108   12.908    0.010    3.640 CDK17
2459823.7119   12.905    0.007    3.440 CDK17
2459823.7129   12.906    0.007    3.430 CDK17
2459823.7524   12.913    0.008    3.430 CDK17
2459823.7535   12.916    0.008    3.390 CDK17
2459823.7545   12.913    0.009    3.480 CDK17
2459823.7941   12.912    0.008    3.640 CDK17
2459823.7952   12.914    0.006    3.360 CDK17
2459823.7962   12.911    0.009    3.470 CDK17
2459823.8358   12.913    0.013    4.430 CDK17
2459823.8368   12.905    0.009    4.480 CDK17
2459823.8378   12.910    0.012    4.790 CDK17
2459824.6696   12.902    0.016    4.490 CDK17
2459824.6706   12.903    0.014    4.220 CDK17
2459824.6717   12.900    0.017    4.310 CDK17
2459824.7108   12.909    0.012    3.550 CDK17
2459824.7118   12.907    0.006    3.760 CDK17
2459824.7128   12.911    0.009    3.680 CDK17
2459824.7525   12.906    0.006    3.790 CDK17
2459824.7535   12.906    0.010    4.260 CDK17
2459824.7545   12.905    0.009    3.860 CDK17
2459824.7941   12.906    0.006    4.010 CDK17
2459824.7952   12.905    0.008    3.490 CDK17
2459824.7962   12.910    0.010    3.350 CDK17
2459824.8358   12.905    0.006    3.370 CDK17
2459824.8368   12.909    0.009    3.420 CDK17
2459824.8378   12.910    0.005    3.290 CDK17
2459825.6765   12.905    0.012    3.500 CDK17
2459825.6776   12.908    0.013    3.540 CDK17
2459825.6786   12.911    0.009    3.490 CDK17
2459825.7108   12.918    0.008    3.610 CDK17
2459825.7118   12.911    0.008    3.810 CDK17
2459825.7129   12.907    0.009    3.590 CDK17
2459825.7525   12.911    0.008    2.730 CDK17
2459825.7535   12.910    0.004    2.690 CDK17
2459825.7545   12.911    0.005    2.680 CDK17
2459825.7941   12.914    0.021    2.700 CDK17
2459825.7951   12.912    0.007    2.640 CDK17
2459825.7962   12.919    0.006    2.670 CDK17
2459825.8358   12.920    0.007    2.780 CDK17
2459825.8368   12.918    0.004    2.710 CDK17
2459825.8378   12.922    0.006    2.640 CDK17
2459827.7827   12.958    0.029    4.000 RC32
2459827.7832   12.954    0.021    3.230 RC32
2459827.7836   12.954    0.023    3.270 RC32
2459827.8239   12.919    0.032    3.490 RC32
2459827.8243   12.948    0.023    3.440 RC32
2459827.8248   12.949    0.017    3.520 RC32
2459827.8655   12.939    0.036    3.110 RC32
2459827.8660   12.951    0.022    3.230 RC32
2459827.8665   12.944    0.019    3.220 RC32
2459827.9072   12.954    0.014    3.130 RC32
2459827.9076   12.950    0.010    3.090 RC32
2459827.9081   12.947    0.016    3.220 RC32
2459827.9487   12.948    0.036    2.780 RC32
2459827.9491   12.939    0.028    3.050 RC32
2459827.9496   12.954    0.014    3.040 RC32
2459828.7826   12.950    0.022    3.710 RC32
2459828.7831   12.935    0.025    3.770 RC32
2459828.7835   12.940    0.028    4.030 RC32
2459828.8238   12.940    0.018    3.310 RC32
2459828.8243   12.935    0.020    3.160 RC32
2459828.8247   12.935    0.017    2.810 RC32
2459828.8655   12.941    0.020    3.130 RC32
2459828.8660   12.935    0.017    3.020 RC32
2459828.8664   12.938    0.016    3.230 RC32
2459828.9071   12.938    0.018    2.830 RC32
2459828.9076   12.936    0.016    2.810 RC32
2459828.9080   12.926    0.018    3.180 RC32
2459828.9486   12.946    0.018    3.250 RC32
2459828.9491   12.939    0.017    2.750 RC32
2459828.9495   12.942    0.016    3.020 RC32
2459829.7826   12.973    0.036    4.700 RC32
2459829.7831   12.969    0.036    5.050 RC32
2459829.7836   12.976    0.034    5.620 RC32
2459829.8238   12.966    0.021    4.190 RC32
2459829.8242   12.964    0.026    4.130 RC32
2459829.8247   12.967    0.021    4.010 RC32
2459831.6696   12.995    0.019    3.200 CDK17
2459831.6707   12.995    0.014    3.150 CDK17
2459831.6717   12.992    0.011    2.850 CDK17
2459831.7108   12.989    0.012    2.720 CDK17
2459831.7119   12.994    0.015    2.790 CDK17
2459831.7129   12.994    0.015    2.870 CDK17
2459831.7525   12.988    0.015    2.860 CDK17
2459831.7535   12.995    0.011    2.770 CDK17
2459831.7546   12.997    0.011    2.810 CDK17
2459831.7941   12.990    0.011    2.820 CDK17
2459831.7952   12.991    0.011    3.020 CDK17
2459831.7962   12.988    0.008    2.790 CDK17
2459831.8358   12.985    0.010    2.860 CDK17
2459831.8368   12.988    0.009    3.010 CDK17
2459831.8379   12.985    0.010    2.820 CDK17
2459832.7111   13.016    0.035    3.350 CDK17
2459832.7123   13.026    0.020    3.360 CDK17
2459832.7133   13.009    0.027    3.310 CDK17
2459832.7525   13.022    0.019    2.980 CDK17
2459832.7535   13.015    0.026    3.080 CDK17
2459832.7545   13.022    0.025    3.190 CDK17
2459832.7944   13.022    0.030    2.830 CDK17
2459832.7954   13.022    0.027    2.780 CDK17
2459832.7964   13.038    0.021    2.800 CDK17
2459832.8356   13.028    0.026    2.810 CDK17
2459832.8366   13.015    0.016    2.830 CDK17
2459832.8377   13.024    0.019    3.080 CDK17
2459833.6701   13.017    0.056    4.320 CDK17
2459833.6711   13.035    0.042    4.500 CDK17
2459833.6722   13.040    0.062    5.240 CDK17
2459835.6700   13.106    0.035    4.830 CDK17
2459835.6711   13.081    0.032    4.930 CDK17
2459835.6721   13.070    0.028    4.380 CDK17
2459835.8239   13.094    0.018    3.080 RC32
2459835.8243   13.089    0.012    2.800 RC32
2459835.8247   13.088    0.018    3.030 RC32
2459835.8655   13.091    0.028    3.170 RC32
2459835.8660   13.104    0.022    2.860 RC32
2459835.8664   13.097    0.016    2.840 RC32
2459835.9072   13.104    0.031    3.210 RC32
2459835.9076   13.107    0.037    3.290 RC32
2459835.9081   13.112    0.024    3.140 RC32
2459835.9494   13.108    0.049    2.830 RC32
2459835.9499   13.096    0.074    2.810 RC32
2459835.9504   13.128    0.085    3.060 RC32
2459837.7827   13.138    0.029    3.730 RC32
2459837.7831   13.137    0.035    3.490 RC32
2459837.7836   13.142    0.025    3.210 RC32
2459838.6798   13.111    0.044    4.070 CDK17
2459838.6808   13.104    0.049    4.290 CDK17
2459838.6818   13.098    0.058    4.430 CDK17
2459838.7108   13.114    0.038    4.180 CDK17
2459838.7118   13.117    0.038    4.120 CDK17
2459838.7128   13.112    0.034    4.330 CDK17
2459838.7513   13.142    0.040    3.820 RC32
2459838.7518   13.152    0.027    3.700 RC32
2459838.7523   13.143    0.025    3.580 RC32
2459838.7525   13.108    0.034    4.280 CDK17
2459838.7535   13.111    0.042    4.150 CDK17
2459838.7546   13.106    0.039    4.120 CDK17
2459838.7926   13.148    0.027    3.620 RC32
2459838.7931   13.152    0.037    3.740 RC32
2459838.7935   13.143    0.021    3.370 RC32
2459838.7942   13.116    0.020    3.280 CDK17
2459838.7952   13.117    0.033    3.590 CDK17
2459838.7963   13.122    0.032    3.680 CDK17
2459838.8342   13.154    0.026    3.120 RC32
2459838.8347   13.151    0.020    3.250 RC32
2459838.8351   13.154    0.019    2.930 RC32
2459838.9069   13.158    0.020    3.030 RC32
2459838.9074   13.149    0.022    3.190 RC32
2459838.9078   13.149    0.022    3.110 RC32
2459838.9486   13.151    0.019    3.180 RC32
2459838.9491   13.154    0.022    2.960 RC32
2459838.9495   13.158    0.021    3.030 RC32
2459839.6804   13.164    0.013    4.410 CDK17
2459839.6815   13.160    0.015    4.430 CDK17
2459839.6826   13.157    0.005    4.170 CDK17
2459839.7110   13.170    0.015    4.210 CDK17
2459839.7120   13.165    0.010    3.660 CDK17
2459839.7130   13.159    0.007    3.790 CDK17
2459839.7514   13.177    0.024    3.630 RC32
2459839.7518   13.174    0.023    3.380 RC32
2459839.7523   13.172    0.019    3.310 RC32
2459839.7526   13.167    0.018    4.790 CDK17
2459839.7537   13.165    0.012    4.340 CDK17
2459839.7547   13.162    0.011    4.100 CDK17
2459839.7926   13.176    0.033    4.640 RC32
2459839.7930   13.166    0.027    4.200 RC32
2459839.7935   13.165    0.022    3.620 RC32
2459839.7944   13.160    0.007    3.450 CDK17
2459839.7954   13.161    0.007    3.650 CDK17
2459839.7964   13.164    0.012    3.630 CDK17
2459839.8342   13.175    0.022    3.510 RC32
2459839.8347   13.172    0.028    3.230 RC32
2459839.8351   13.159    0.024    3.530 RC32
2459839.9069   13.171    0.020    3.110 RC32
2459839.9074   13.176    0.022    3.470 RC32
2459839.9078   13.167    0.019    3.600 RC32
2459839.9486   13.177    0.019    2.820 RC32
2459839.9491   13.172    0.019    2.970 RC32
2459839.9495   13.173    0.016    3.170 RC32
2459840.7514   13.194    0.031    5.080 RC32
2459840.7518   13.200    0.026    4.560 RC32
2459840.7523   13.188    0.022    4.150 RC32
2459840.7925   13.191    0.020    3.610 RC32
2459840.7930   13.183    0.019    3.760 RC32
2459840.7934   13.177    0.018    4.540 RC32
2459840.8342   13.192    0.021    4.190 RC32
2459840.8347   13.183    0.023    4.210 RC32
2459840.8351   13.176    0.021    4.470 RC32
2459840.9069   13.199    0.021    3.570 RC32
2459840.9074   13.189    0.018    3.750 RC32
2459840.9078   13.190    0.015    3.310 RC32
2459840.9486   13.198    0.017    3.440 RC32
2459840.9491   13.192    0.016    3.560 RC32
2459840.9495   13.194    0.017    4.090 RC32
2459844.7512   13.224    0.020    3.660 RC32
2459844.7517   13.227    0.017    3.740 RC32
2459844.7522   13.224    0.021    4.230 RC32
2459844.7926   13.231    0.017    3.490 RC32
2459844.7930   13.225    0.017    4.070 RC32
2459844.7935   13.228    0.016    4.190 RC32
2459844.8342   13.231    0.018    3.130 RC32
2459844.8347   13.223    0.017    3.170 RC32
2459844.8352   13.220    0.017    3.300 RC32
2459844.9069   13.230    0.017    3.070 RC32
2459844.9074   13.223    0.012    3.030 RC32
2459844.9079   13.228    0.014    2.800 RC32
2459844.9486   13.222    0.015    3.180 RC32
2459844.9491   13.218    0.017    2.690 RC32
2459844.9495   13.221    0.012    2.670 RC32
2459845.7664   13.221    0.015    3.160 RC32
2459845.7668   13.225    0.016    3.320 RC32
2459845.7673   13.222    0.019    3.480 RC32
2459845.7925   13.223    0.018    3.130 RC32
2459845.7930   13.210    0.018    3.010 RC32
2459845.7934   13.209    0.015    3.140 RC32
2459845.8342   13.223    0.017    2.840 RC32
2459845.8346   13.217    0.018    2.890 RC32
2459845.8351   13.220    0.015    3.110 RC32
2459845.9069   13.218    0.015    2.720 RC32
2459845.9074   13.220    0.014    2.760 RC32
2459845.9079   13.217    0.014    3.070 RC32
2459846.7514   13.196    0.017    3.200 RC32
2459846.7519   13.189    0.017    3.240 RC32
2459846.7523   13.184    0.014    3.190 RC32
2459846.7926   13.190    0.017    3.570 RC32
2459846.7930   13.183    0.021    3.610 RC32
2459846.7935   13.186    0.017    3.690 RC32
2459846.8342   13.192    0.016    3.610 RC32
2459846.8347   13.188    0.016    3.520 RC32
2459846.8351   13.187    0.018    3.640 RC32
2459846.9069   13.198    0.012    2.800 RC32
2459846.9074   13.194    0.012    2.670 RC32
2459846.9079   13.188    0.014    2.720 RC32
2459847.7514   13.190    0.020    4.110 RC32
2459847.7519   13.185    0.022    4.120 RC32
2459847.7523   13.180    0.022    4.270 RC32
2459847.7926   13.183    0.015    3.730 RC32
2459847.7930   13.180    0.019    3.300 RC32
2459847.7935   13.182    0.017    3.360 RC32
2459847.8342   13.182    0.017    3.160 RC32
2459847.8347   13.174    0.020    3.070 RC32
2459847.8351   13.172    0.017    3.260 RC32
2459847.9069   13.186    0.016    2.850 RC32
2459847.9074   13.182    0.014    2.770 RC32
2459847.9079   13.179    0.012    2.690 RC32
2459849.7513   13.190    0.017    3.270 RC32
2459849.7518   13.186    0.021    3.370 RC32
2459849.7523   13.172    0.019    3.450 RC32
2459849.7926   13.170    0.015    2.730 RC32
2459849.7931   13.166    0.014    2.670 RC32
2459849.7935   13.161    0.016    2.720 RC32
2459849.8343   13.178    0.017    2.700 RC32
2459849.8347   13.182    0.016    2.660 RC32
2459849.8352   13.168    0.014    2.670 RC32
2459849.9070   13.186    0.017    2.820 RC32
2459849.9074   13.182    0.019    3.060 RC32
2459849.9079   13.178    0.015    3.060 RC32
2459849.9486   13.182    0.016    2.870 RC32
2459849.9491   13.175    0.013    2.830 RC32
2459849.9495   13.174    0.016    2.740 RC32
2459850.7720   13.172    0.018    2.700 RC32
2459850.7724   13.169    0.014    2.690 RC32
2459850.7729   13.166    0.016    2.780 RC32
2459850.7923   13.180    0.017    2.660 RC32
2459850.7928   13.166    0.015    2.660 RC32
2459850.7932   13.169    0.015    2.760 RC32
2459850.8342   13.171    0.018    2.780 RC32
2459850.8347   13.173    0.016    2.770 RC32
2459850.8351   13.163    0.015    3.050 RC32
2459850.9069   13.180    0.016    3.470 RC32
2459850.9074   13.170    0.016    3.620 RC32
2459850.9079   13.177    0.018    3.710 RC32
2459850.9486   13.164    0.019    3.250 RC32
2459850.9491   13.163    0.013    3.190 RC32
2459850.9495   13.160    0.016    3.670 RC32
2459851.7513   13.147    0.018    3.040 RC32
2459851.7518   13.139    0.021    3.090 RC32
2459851.7522   13.131    0.016    3.110 RC32
2459851.7926   13.138    0.019    3.430 RC32
2459851.7930   13.137    0.017    3.660 RC32
2459851.7935   13.132    0.018    3.510 RC32
2459851.8342   13.142    0.019    3.110 RC32
2459851.8347   13.130    0.017    2.880 RC32
2459851.8352   13.137    0.017    3.180 RC32
2459851.9069   13.144    0.016    3.180 RC32
2459851.9074   13.138    0.013    3.160 RC32
2459851.9078   13.138    0.013    3.110 RC32
2459851.9486   13.133    0.017    3.290 RC32
2459851.9491   13.135    0.015    3.310 RC32
2459851.9495   13.134    0.015    3.470 RC32
2459853.9079   13.079    0.016    2.670 RC32
2459853.9084   13.073    0.014    2.690 RC32
2459853.9088   13.070    0.013    2.670 RC32
2459853.9486   13.048    0.272    2.700 RC32
2459853.9491   13.091    0.021    2.670 RC32
2459853.9495   13.069    0.047    3.070 RC32
2459854.7517   13.056    0.020    4.130 RC32
2459854.7523   13.041    0.022    4.190 RC32
2459854.7529   13.049    0.022    4.300 RC32
2459854.8346   13.050    0.018    3.310 RC32
2459854.8351   13.048    0.017    3.230 RC32
2459854.8357   13.046    0.017    3.360 RC32
2459855.7603   13.107    0.259    4.560 RC32
2459855.7609   13.008    0.125    4.520 RC32
2459855.8346   13.038    0.018    2.740 RC32
2459855.8352   13.036    0.019    3.330 RC32
2459855.8357   13.034    0.019    3.460 RC32
2459855.9188   13.033    0.018    2.740 RC32
2459855.9194   13.029    0.013    2.690 RC32
2459855.9200   13.028    0.014    2.780 RC32
2459855.9488   13.044    0.013    2.820 RC32
2459855.9494   13.038    0.014    2.840 RC32
2459855.9500   13.038    0.015    2.790 RC32
2459856.7516   13.082    0.115    4.470 RC32
2459856.7521   13.070    0.083    4.430 RC32
2459856.7527   13.047    0.020    4.090 RC32
2459856.8345   13.037    0.019    3.710 RC32
2459856.8350   13.035    0.019    3.720 RC32
2459856.8356   13.035    0.016    3.780 RC32
2459856.9071   12.975    0.118    3.320 RC32
2459863.7511   12.974    0.016    2.750 RC32
2459863.7519   12.985    0.019    2.720 RC32
2459863.7524   12.973    0.015    2.690 RC32
2459863.8346   12.987    0.023    3.070 RC32
2459863.8352   12.978    0.020    3.030 RC32
2459863.8358   12.981    0.020    3.110 RC32
2459863.9074   12.987    0.023    2.860 RC32
2459863.9081   12.982    0.023    2.870 RC32
2459863.9089   12.982    0.021    2.820 RC32
2459863.9489   12.984    0.020    2.890 RC32
2459863.9494   12.986    0.020    2.850 RC32
2459863.9500   12.975    0.017    2.850 RC32
2459865.7525   12.997    0.031    3.510 RC32
2459865.7531   13.000    0.027    3.660 RC32
2459865.8345   13.008    0.030    3.520 RC32
2459865.8351   12.981    0.023    3.280 RC32
2459865.8357   12.997    0.021    3.410 RC32
2459865.9071   12.990    0.041    3.550 RC32
2459865.9077   12.983    0.022    3.950 RC32
2459865.9083   12.997    0.012    4.250 RC32
2459865.9488   12.987    0.014    3.480 RC32
2459865.9494   12.992    0.028    3.910 RC32
2459865.9500   13.007    0.027    3.640 RC32
2459866.7514   12.995    0.026    3.200 RC32
2459866.7520   12.987    0.026    3.240 RC32
2459866.7525   12.984    0.026    3.140 RC32
2459866.8346   12.997    0.030    3.330 RC32
2459866.8351   12.999    0.026    3.200 RC32
2459866.8357   12.995    0.039    3.430 RC32
2459866.9071   13.003    0.022    2.930 RC32
2459866.9077   13.000    0.023    3.000 RC32
2459866.9083   13.001    0.024    3.280 RC32
2459866.9488   13.003    0.034    3.220 RC32
2459866.9494   13.002    0.027    3.120 RC32
2459866.9499   12.998    0.029    2.930 RC32
2459868.7512   12.991    0.024    3.160 RC32
2459868.7518   12.986    0.020    3.090 RC32
2459868.7523   12.982    0.021    3.290 RC32
2459873.7513   13.051    0.016    4.140 RC32
2459873.7518   13.060    0.022    4.360 RC32
2459873.7524   13.051    0.017    4.020 RC32
2459873.8345   13.047    0.020    4.120 RC32
2459873.8351   13.052    0.018    3.630 RC32
2459873.8357   13.048    0.018    3.530 RC32
2459873.9071   13.049    0.021    3.480 RC32
2459873.9077   13.046    0.014    4.030 RC32
2459873.9083   13.042    0.016    4.080 RC32
2459873.9488   13.052    0.019    3.150 RC32
2459873.9494   13.043    0.015    3.290 RC32
2459873.9499   13.037    0.014    3.130 RC32
2459874.7512   13.046    0.018    4.450 RC32
2459874.7518   13.040    0.016    4.430 RC32
2459874.7524   13.039    0.020    4.640 RC32
2459874.8345   13.041    0.017    4.190 RC32
2459874.8350   13.033    0.020    4.200 RC32
2459874.8356   13.031    0.020    4.090 RC32
2459874.9071   13.037    0.019    3.950 RC32
2459874.9077   13.038    0.017    3.850 RC32
2459874.9083   13.030    0.015    3.920 RC32
2459874.9488   13.044    0.017    3.920 RC32
2459874.9494   13.037    0.019    3.890 RC32
2459874.9500   13.033    0.019    3.880 RC32
2459877.7510   13.016    0.021    4.010 RC32
2459877.7515   13.007    0.018    3.990 RC32
2459877.7519   13.006    0.019    4.370 RC32
2459877.8342   13.008    0.013    4.230 RC32
2459877.8346   13.007    0.021    4.080 RC32
2459877.8351   13.007    0.019    4.480 RC32
2459877.9074   13.010    0.019    4.750 RC32
2459877.9079   13.020    0.022    5.040 RC32
2459877.9083   13.015    0.020    4.100 RC32
2459877.9486   13.019    0.020    4.270 RC32
2459877.9491   13.024    0.018    4.420 RC32
2459877.9495   13.022    0.019    4.430 RC32
2459878.7511   13.025    0.018    3.630 RC32
2459878.7515   13.021    0.016    3.680 RC32
2459878.7520   13.013    0.018    3.710 RC32
2459878.8342   13.027    0.015    3.140 RC32
2459878.8347   13.019    0.019    3.380 RC32
2459878.8351   13.022    0.019    3.300 RC32
2459878.9074   13.031    0.019    3.600 RC32
2459878.9079   13.026    0.018    3.720 RC32
2459878.9084   13.034    0.021    3.710 RC32
2459878.9486   13.041    0.020    3.600 RC32
2459878.9491   13.038    0.019    3.700 RC32
2459878.9495   13.031    0.018    3.410 RC32
2459879.7510   13.050    0.020    3.330 RC32
2459879.7515   13.041    0.018    3.240 RC32
2459879.7519   13.038    0.017    3.370 RC32
2459879.8342   13.049    0.019    3.220 RC32
2459879.8347   13.039    0.021    3.280 RC32
2459879.8351   13.037    0.016    3.240 RC32
2459879.9075   13.042    0.015    3.290 RC32
2459879.9080   13.042    0.015    3.370 RC32
2459879.9084   13.040    0.014    3.290 RC32
2459879.9486   13.046    0.017    3.010 RC32
2459879.9491   13.044    0.020    3.020 RC32
2459879.9495   13.034    0.016    3.010 RC32
2459880.7510   13.049    0.018    3.150 RC32
2459880.7515   13.044    0.015    3.190 RC32
2459880.7519   13.038    0.018    3.360 RC32
2459880.8342   13.039    0.019    3.520 RC32
2459880.8346   13.036    0.018    3.420 RC32
2459880.8351   13.034    0.018    3.410 RC32
2459881.7510   13.024    0.017    3.750 RC32
2459881.7515   13.019    0.020    3.620 RC32
2459881.7519   13.022    0.018    4.030 RC32
2459881.8342   13.029    0.020    3.390 RC32
2459881.8347   13.026    0.017    3.370 RC32
2459881.8351   13.022    0.019    3.350 RC32
2459881.9074   13.026    0.017    3.500 RC32
2459881.9079   13.020    0.013    3.250 RC32
2459881.9084   13.017    0.016    3.490 RC32
2459881.9486   13.030    0.018    3.410 RC32
2459881.9491   13.027    0.020    3.200 RC32
2459881.9495   13.020    0.017    3.210 RC32
2459882.6954   13.024    0.020    3.450 RC32
2459882.6958   13.027    0.017    3.320 RC32
2459882.6963   13.019    0.018    3.290 RC32
2459882.7370   13.018    0.018    3.350 RC32
2459882.7374   13.016    0.019    3.400 RC32
2459882.7379   13.013    0.016    3.390 RC32
2459882.8762   13.018    0.017    3.790 RC32
2459882.8767   13.014    0.018    3.550 RC32
2459882.8771   13.008    0.014    4.300 RC32
2459882.9486   13.014    0.018    3.700 RC32
2459882.9491   13.013    0.018    3.760 RC32
2459882.9495   13.012    0.016    3.440 RC32
2459884.6957   13.010    0.019    4.250 RC32
2459884.6963   13.010    0.018    3.480 RC32
2459884.6969   13.003    0.017    4.170 RC32
2459884.7372   13.012    0.019    3.200 RC32
2459884.7378   13.000    0.018    2.840 RC32
2459884.7383   13.004    0.016    2.830 RC32
2459884.8764   13.003    0.016    3.330 RC32
2459884.8770   12.996    0.014    3.150 RC32
2459884.8776   12.998    0.015    3.360 RC32
2459884.9488   13.009    0.019    3.400 RC32
2459884.9494   13.009    0.019    3.500 RC32
2459884.9499   13.002    0.016    3.240 RC32
2459886.7374   13.013    0.016    3.260 RC32
2459886.7378   13.009    0.016    3.290 RC32
2459886.7382   13.004    0.016    3.240 RC32
2459886.7507   13.020    0.021    3.140 RC32
2459886.7512   13.010    0.018    3.240 RC32
2459886.7516   13.013    0.018    3.020 RC32
2459886.8762   13.008    0.016    2.930 RC32
2459886.8766   13.003    0.017    3.000 RC32
2459886.8771   13.003    0.014    3.030 RC32
2459886.9486   13.015    0.019    3.170 RC32
2459886.9491   12.998    0.014    3.010 RC32
2459886.9495   13.006    0.015    2.960 RC32
2459887.7095   12.996    0.021    4.830 RC32
2459887.7100   12.997    0.025    5.000 RC32
2459887.7104   12.994    0.028    5.080 RC32
2459887.7924   12.999    0.019    4.120 RC32
2459887.7928   13.003    0.020    4.100 RC32
2459887.7933   13.000    0.024    4.630 RC32
2459888.7095   13.011    0.027    4.510 RC32
2459888.7100   13.012    0.021    4.120 RC32
2459888.7105   13.010    0.025    4.430 RC32
2459888.7926   13.010    0.022    4.310 RC32
2459888.7930   12.997    0.026    5.400 RC32
2459888.7935   13.008    0.018    4.460 RC32
2459888.8762   13.011    0.021    4.020 RC32
2459888.8767   13.007    0.028    3.740 RC32
2459888.8771   13.019    0.032    4.300 RC32
2459888.9486   13.010    0.027    5.000 RC32
2459888.9491   13.010    0.020    4.800 RC32
2459888.9495   13.000    0.028    4.820 RC32
2459890.7183   13.004    0.025    5.060 RC32
2459890.7188   12.988    0.038    5.510 RC32
2459890.7192   12.998    0.035    5.430 RC32
2459890.7926   12.999    0.025    3.700 RC32
2459890.7930   12.994    0.021    4.360 RC32
2459890.7935   13.004    0.020    3.990 RC32
2459890.8762   13.003    0.030    5.660 RC32
2459890.8766   12.990    0.046    6.180 RC32
2459890.8771   13.000    0.034    5.560 RC32
2459890.9486   13.009    0.030    4.670 RC32
2459890.9491   12.994    0.035    4.350 RC32
2459890.9495   12.987    0.037    5.140 RC32
2459892.6887   13.008    0.028    3.400 RC32
2459892.6892   13.028    0.031    3.570 RC32
2459892.6896   13.010    0.010    3.020 RC32
2459892.8137   13.011    0.019    2.950 RC32
2459892.8141   13.027    0.036    3.040 RC32
2459892.8146   13.023    0.027    3.030 RC32
2459892.8762   13.031    0.023    2.890 RC32
2459892.8767   13.026    0.002    2.900 RC32
2459892.8771   13.030    0.020    2.930 RC32
2459892.9486   12.997    0.002    3.500 RC32
2459892.9491   13.002    0.000    3.310 RC32
2459892.9495   13.002    0.012    3.630 RC32
2459894.8132   13.021    0.025    3.060 RC32
2459894.8136   13.027    0.036    3.120 RC32
2459894.8141   13.007    0.025    3.320 RC32
2459894.8234   13.016    0.016    2.860 RC32
2459894.8239   13.007    0.017    2.750 RC32
2459894.8243   13.012    0.018    2.720 RC32
2459896.8132   13.001    0.012    2.830 RC32
2459896.8136   13.009    0.012    2.680 RC32
2459896.8141   13.002    0.014    2.750 RC32
2459896.8234   13.014    0.018    3.430 RC32
2459896.8239   13.007    0.018    4.040 RC32
2459896.8243   13.000    0.017    3.500 RC32
2459896.8762   13.000    0.021    3.730 RC32
2459896.8766   12.998    0.018    3.740 RC32
2459896.8771   12.997    0.018    3.480 RC32
2459896.9486   12.996    0.021    3.520 RC32
2459896.9491   12.995    0.026    3.370 RC32
2459896.9495   12.985    0.030    4.240 RC32
2459897.7715   12.990    0.017    3.130 RC32
2459897.7720   12.986    0.016    3.120 RC32
2459897.7724   12.984    0.014    3.080 RC32
2459897.7923   12.990    0.016    2.850 RC32
2459897.7928   12.988    0.018    3.000 RC32
2459897.7932   12.984    0.016    2.860 RC32
2459898.7715   13.006    0.014    3.320 RC32
2459898.7720   12.997    0.017    3.230 RC32
2459898.7724   12.997    0.014    3.110 RC32
2459898.7925   13.004    0.017    3.150 RC32
2459898.7929   12.998    0.017    3.480 RC32
2459898.7934   12.996    0.017    3.540 RC32
2459898.8762   12.998    0.015    3.290 RC32
2459898.8766   12.999    0.016    3.110 RC32
2459898.8771   12.990    0.016    3.010 RC32
2459898.9486   12.996    0.016    2.830 RC32
2459898.9490   13.001    0.016    2.800 RC32
2459898.9495   12.997    0.021    3.230 RC32
2459901.7716   13.029    0.018    3.380 RC32
2459901.7720   13.027    0.012    3.390 RC32
2459901.7725   13.025    0.014    3.510 RC32
2459901.7925   13.031    0.020    3.740 RC32
2459901.7929   13.023    0.019    4.040 RC32
2459901.7934   13.026    0.018    4.110 RC32
2459901.8762   13.035    0.017    3.390 RC32
2459901.8766   13.026    0.015    3.470 RC32
2459901.8771   13.027    0.024    4.300 RC32
2459901.9486   13.024    0.058    2.620 RC32
2459901.9490   13.034    0.037    2.650 RC32
2459901.9495   13.047    0.033    2.910 RC32
2459904.7715   12.987    0.012    3.220 RC32
2459904.7720   12.989    0.014    3.480 RC32
2459904.7725   12.984    0.017    3.420 RC32
2459904.7925   12.991    0.019    3.260 RC32
2459904.7929   12.990    0.017    3.240 RC32
2459904.7934   12.989    0.016    3.160 RC32
2459904.8793   12.992    0.014    4.110 RC32
2459904.8798   12.993    0.017    4.210 RC32
2459904.8802   12.990    0.017    4.340 RC32
2459904.9486   12.994    0.019    4.650 RC32
2459904.9490   12.996    0.019    4.450 RC32
2459904.9495   12.992    0.019    4.270 RC32
2459905.7715   12.980    0.014    4.470 RC32
2459905.7720   12.973    0.018    4.330 RC32
2459905.7724   12.970    0.019    5.020 RC32
2459905.7923   12.984    0.022    5.020 RC32
2459905.7929   12.984    0.020    4.710 RC32
2459905.7934   12.979    0.020    4.640 RC32
2459905.8792   12.974    0.018    4.570 RC32
2459905.8797   12.967    0.019    5.580 RC32
2459905.8801   12.971    0.023    5.470 RC32
2459905.9486   12.979    0.028    5.610 RC32
2459905.9490   12.973    0.022    5.460 RC32
2459905.9495   12.965    0.020    5.580 RC32
2459906.7997   12.965    0.018    4.320 RC32
2459906.8001   12.969    0.019    4.360 RC32
2459906.8006   12.967    0.015    4.300 RC32
2459906.8032   12.979    0.017    4.000 RC32
2459906.8036   12.975    0.013    4.140 RC32
2459906.8041   12.975    0.020    4.130 RC32
2459906.8789   12.964    0.024    4.670 RC32
2459906.8794   12.963    0.019    4.640 RC32
2459906.8798   12.972    0.020    4.410 RC32
2459906.9486   12.974    0.044    5.110 RC32
2459906.9491   12.986    0.040    5.500 RC32
2459906.9495   12.968    0.050    5.120 RC32
2459907.7715   12.981    0.020    4.300 RC32
2459907.7720   12.977    0.019    4.120 RC32
2459907.7724   12.972    0.013    3.760 RC32
2459907.7923   12.987    0.018    2.840 RC32
2459907.7928   12.975    0.018    2.850 RC32
2459907.7932   12.970    0.015    3.030 RC32
2459907.8723   12.976    0.013    3.280 RC32
2459907.8728   12.969    0.015    3.450 RC32
2459907.8732   12.965    0.015    3.210 RC32
2459907.9486   12.974    0.019    4.110 RC32
2459907.9491   12.965    0.019    3.970 RC32
2459907.9495   12.973    0.017    4.030 RC32
2459910.7715   12.964    0.017    4.150 RC32
2459910.7720   12.958    0.018    4.480 RC32
2459910.7724   12.959    0.018    4.680 RC32
2459910.7923   12.967    0.018    4.350 RC32
2459910.7927   12.968    0.023    5.340 RC32
2459910.7932   12.956    0.014    5.460 RC32
2459910.8724   12.963    0.016    4.440 RC32
2459910.8729   12.962    0.019    4.300 RC32
2459910.8733   12.963    0.014    4.350 RC32
2459910.9486   12.963    0.019    4.300 RC32
2459910.9491   12.959    0.019    4.450 RC32
2459910.9495   12.962    0.018    4.570 RC32
2459911.7715   12.966    0.027    7.540 RC32
2459911.7720   12.954    0.021    6.560 RC32
2459911.7724   12.960    0.021    5.690 RC32
2459911.7923   12.976    0.023    5.250 RC32
2459911.7927   12.974    0.022    5.080 RC32
2459911.7932   12.970    0.022    5.300 RC32
2459911.8725   12.967    0.019    4.980 RC32
2459911.8729   12.965    0.015    4.490 RC32
2459911.8734   12.960    0.015    4.390 RC32
2459911.9488   12.954    0.019    6.360 RC32
2459911.9493   12.952    0.022    6.450 RC32
2459911.9497   12.942    0.027    6.680 RC32
2459914.7716   12.979    0.018    3.310 RC32
2459914.7721   12.979    0.018    3.380 RC32
2459914.7725   12.984    0.015    3.690 RC32
2459914.7923   12.983    0.016    3.770 RC32
2459914.7928   12.980    0.015    3.730 RC32
2459914.7932   12.983    0.013    3.460 RC32
2459914.8724   12.982    0.018    3.630 RC32
2459914.8728   12.977    0.017    3.450 RC32
2459914.8733   12.971    0.015    3.310 RC32
2459914.9488   12.970    0.020    4.080 RC32
2459914.9493   12.970    0.022    4.060 RC32
2459914.9497   12.968    0.020    3.770 RC32
2459915.7715   12.972    0.015    4.120 RC32
2459915.7720   12.977    0.016    4.120 RC32
2459915.7724   12.980    0.017    4.010 RC32
2459915.7923   12.975    0.023    4.510 RC32
2459915.7927   12.975    0.017    4.440 RC32
2459915.7932   12.980    0.024    4.220 RC32
2459915.8690   12.977    0.018    4.030 RC32
2459915.8695   12.975    0.021    4.460 RC32
2459915.8700   12.981    0.020    4.190 RC32
2459915.9489   12.970    0.025    7.270 RC32
2459915.9493   12.956    0.027    5.760 RC32
2459915.9498   12.979    0.030    5.560 RC32
2459916.8724   12.973    0.034    3.820 RC32
2459916.8729   12.973    0.022    3.520 RC32
2459916.8733   12.971    0.024    3.390 RC32
2459919.7820   12.990    0.028    2.930 RC32
2459919.7824   12.988    0.035    2.920 RC32
2459919.7829   12.995    0.026    2.790 RC32
2459919.7922   12.979    0.021    2.830 RC32
2459919.7926   12.981    0.023    2.850 RC32
2459919.7931   12.975    0.026    2.780 RC32
2459919.8722   12.996    0.026    3.430 RC32
2459919.8726   12.968    0.033    3.850 RC32
2459919.8731   12.968    0.029    3.360 RC32
2459919.9070   12.987    0.037    3.270 RC32
2459919.9074   12.974    0.032    3.210 RC32
2459919.9079   12.980    0.031    3.170 RC32
2459922.7820   13.000    0.045    2.950 RC32
2459922.7825   12.998    0.021    2.720 RC32
2459922.7829   12.997    0.018    2.780 RC32
2459922.7922   12.997    0.037    3.360 RC32
2459922.7926   12.986    0.051    3.610 RC32
2459922.7931   12.985    0.053    3.800 RC32
2459923.7820   12.983    0.024    3.570 RC32
2459923.7824   12.980    0.021    3.540 RC32
2459923.7829   12.979    0.019    3.660 RC32
2459923.8724   12.974    0.026    3.730 RC32
2459923.8728   12.986    0.024    3.690 RC32
2459923.8732   12.977    0.018    3.610 RC32
2459923.8967   12.987    0.028    5.030 RC32
2459923.8971   12.985    0.033    4.680 RC32
2459923.8976   12.959    0.026    4.290 RC32
2459924.7819   12.987    0.024    4.450 RC32
2459924.7824   12.988    0.017    4.050 RC32
2459924.7828   12.992    0.020    4.150 RC32
2459924.8901   13.000    0.024    4.700 RC32
2459924.8905   13.005    0.025    4.480 RC32
2459924.8910   13.011    0.025    4.420 RC32
2459924.8975   13.000    0.015    5.440 RC32
2459924.8980   12.999    0.022    5.270 RC32
2459924.8984   13.009    0.029    5.300 RC32
2459925.7819   12.991    0.022    4.470 RC32
2459925.7823   12.991    0.022    4.080 RC32
2459925.7828   12.989    0.017    4.000 RC32
2459925.7921   12.998    0.026    4.400 RC32
2459925.7926   12.984    0.015    4.500 RC32
2459925.7930   12.989    0.018    4.170 RC32
2459925.8884   12.990    0.022    4.220 RC32
2459925.8888   12.984    0.025    4.470 RC32
2459925.8893   12.987    0.020    4.490 RC32
2459925.8967   12.988    0.025    4.190 RC32
2459925.8971   12.986    0.022    4.280 RC32
2459925.8976   12.980    0.017    4.680 RC32
2459928.7819   13.019    0.015    2.730 RC32
2459928.7823   13.017    0.014    2.740 RC32
2459928.7828   13.017    0.015    2.710 RC32
2459928.7921   13.024    0.016    2.800 RC32
2459928.7926   13.018    0.014    2.760 RC32
2459928.7930   13.020    0.018    2.900 RC32
2459928.8689   13.019    0.016    2.830 RC32
2459928.8694   13.014    0.016    2.810 RC32
2459928.8698   13.012    0.013    2.740 RC32
2459929.7819   13.038    0.023    4.790 RC32
2459929.7823   13.035    0.018    3.490 RC32
2459929.7828   13.027    0.018    3.760 RC32
2459929.7921   13.034    0.019    3.410 RC32
2459929.7926   13.026    0.023    3.430 RC32
2459929.7930   13.026    0.018    3.450 RC32
2459929.8689   13.043    0.026    4.150 RC32
2459929.8694   13.030    0.021    4.000 RC32
2459929.8699   13.037    0.022    4.130 RC32
2459930.7819   13.053    0.018    3.030 RC32
2459930.7824   13.046    0.015    2.780 RC32
2459930.7828   13.045    0.014    2.700 RC32
2459930.7921   13.053    0.021    3.180 RC32
2459930.7926   13.048    0.016    3.100 RC32
2459930.7930   13.039    0.017    3.060 RC32
2459930.8886   13.057    0.025    3.590 RC32
2459930.8891   13.046    0.021    3.560 RC32
2459930.8895   13.052    0.017    3.760 RC32
2459931.6534   13.048    0.017    4.390 RC32
2459931.6539   13.052    0.018    4.840 RC32
2459931.6544   13.055    0.014    4.780 RC32
2459932.7646   13.064    0.017    3.790 RC32
2459932.7650   13.057    0.015    3.710 RC32
2459932.7655   13.058    0.018    3.620 RC32
2459933.7646   13.051    0.017    4.220 RC32
2459933.7650   13.048    0.014    4.170 RC32
2459933.7655   13.045    0.012    3.750 RC32
2459936.7646   13.066    0.025    2.720 RC32
2459936.7651   13.066    0.013    2.770 RC32
2459936.7655   13.061    0.015    2.710 RC32
