# obstime,calmag,calmagerr,fwhm,code
2459813.6832   11.800    0.017    5.190 tfn
2459816.6287   11.778    0.010    6.310 tfn
2459817.7048   11.753    0.006    7.380 tfn
2459818.5792   11.754    0.015    7.150 tfn
2459819.5764   11.741    0.012    7.700 tfn
2459821.6219   11.733    0.051    5.380 tfn
2459826.5898   11.641    0.047    3.640 tfn
2459826.6330   11.672    0.008    4.660 tfn
2459826.6733   11.674    0.007    4.200 tfn
2459826.7149   11.672    0.008    5.290 tfn
2459827.5569   11.694    0.012    4.720 tfn
2459827.5900   11.676    0.068    4.990 tfn
2459827.6316   11.677    0.009    3.420 tfn
2459827.6734   11.694    0.053    4.260 tfn
2459827.7149   11.697    0.013    3.080 tfn
2459827.7983   11.684    0.011    4.680 elp
2459828.5542   11.694    0.008    4.920 tfn
2459828.5898   11.694    0.007    5.110 tfn
2459828.6316   11.694    0.008    4.710 tfn
2459828.7280   11.687    0.009    3.980 tfn
2459828.7942   11.687    0.012    4.300 elp
2459828.7988   11.692    0.011    4.480 elp
2459828.8399   11.681    0.008    4.260 elp
2459828.8815   11.681    0.010    3.470 elp
2459828.9232   11.675    0.008    3.330 elp
2459828.9666   11.682    0.008    4.260 elp
2459829.5492   11.700    0.007    3.510 tfn
2459829.5900   11.684    0.009    4.490 tfn
2459829.6317   11.689    0.007    3.430 tfn
2459829.6733   11.700    0.009    4.020 tfn
2459829.7149   11.702    0.006    4.050 tfn
2459829.9571   11.664    0.017    3.330 elp
2459830.6182   11.687    0.009    3.470 tfn
2459830.6517   11.692    0.010    4.060 tfn
2459830.6975   11.690    0.009    3.160 tfn
2459830.7436   11.691    0.010    4.090 tfn
2459830.7893   11.643    0.019    4.410 elp
2459830.8355   11.647    0.019    3.750 elp
2459830.8852   11.657    0.020    3.690 elp
2459830.9266   11.693    0.016    3.170 elp
2459830.9726   11.651    0.016    3.230 elp
2459831.5438   11.693    0.009    4.440 tfn
2459831.5686   11.694    0.007    2.820 tfn
2459831.6143   11.692    0.012    3.150 tfn
2459831.6601   11.694    0.013    5.100 tfn
2459831.7059   11.700    0.010    3.110 tfn
2459831.8180   11.718    0.128    4.040 elp
2459831.8205   11.762    0.102    3.270 elp
2459831.8441   11.660    0.019    3.400 elp
2459831.8891   11.655    0.016    3.360 elp
2459831.9350   11.652    0.017    3.850 elp
2459831.9809   11.660    0.018    3.030 elp
2459832.5406   11.695    0.009    4.960 tfn
2459832.5769   11.692    0.009    3.580 tfn
2459832.6226   11.699    0.008    3.450 tfn
2459832.6684   11.720    0.031    7.010 tfn
2459832.7141   11.720    0.007    4.830 tfn
2459832.7838   11.661    0.017    3.650 elp
2459832.8059   11.669    0.020    3.630 elp
2459832.8519   11.673    0.016    4.020 elp
2459832.8975   11.669    0.018    3.700 elp
2459832.9433   11.671    0.016    3.640 elp
2459833.5395   11.699    0.011    5.150 tfn
2459833.5849   11.718    0.013    6.530 tfn
2459833.7267   11.712    0.101    3.630 tfn
2459833.7805   11.703    0.008    5.060 elp
2459833.8141   11.704    0.014    5.630 elp
2459833.8599   11.743    0.060    5.520 elp
2459833.9072   11.709    0.009    3.020 elp
2459833.9109   11.707    0.007    3.020 elp
2459833.9517   11.709    0.007    4.340 elp
2459834.5476   11.730    0.026   14.830 tfn
2459834.5936   11.731    0.014    6.400 tfn
2459834.6417   11.725    0.010    5.020 tfn
2459834.6861   11.684    0.149    6.030 tfn
2459834.7311   11.733    0.010    5.630 tfn
2459835.5327   11.734    0.017   13.720 tfn
2459835.5557   11.756    0.013   14.700 tfn
2459835.6017   11.734    0.017   11.700 tfn
2459835.6476   11.734    0.008    7.490 tfn
2459835.6934   11.740    0.010    6.010 tfn
2459835.7394   11.741    0.011    6.690 tfn
2459835.8768   11.732    0.007   11.620 elp
2459835.9685   11.734    0.013   13.880 elp
2459836.5304   11.742    0.011    5.010 tfn
2459836.5677   11.746    0.009    5.320 tfn
2459836.6105   11.739    0.004    4.730 tfn
2459837.5728   11.737    0.009    6.520 tfn
2459837.6184   11.740    0.011    4.570 tfn
2459837.6644   11.739    0.006    5.030 tfn
2459837.7101   11.734    0.008    4.990 tfn
2459838.7668   11.733    0.011    4.340 elp
2459838.8192   11.733    0.007    4.030 elp
2459838.9024   11.734    0.008    3.300 elp
2459838.9858   11.733    0.007    4.140 elp
2459839.5692   11.739    0.011    4.500 tfn
2459839.6524   11.742    0.011    4.210 tfn
2459839.7641   11.745    0.009    4.540 elp
2459839.8191   11.747    0.008    4.090 elp
2459839.9025   11.751    0.009    3.670 elp
2459839.9857   11.749    0.007    4.380 elp
2459840.8773   11.750    0.008    3.970 elp
2459840.9358   11.758    0.008    3.260 elp
2459842.8611   11.792    0.008    4.690 elp
2459842.9191   11.783    0.008    3.200 elp
2459842.9774   11.795    0.008    4.510 elp
2459843.6670   11.791    0.010    4.230 tfn
2459843.7203   11.790    0.007    3.600 tfn
2459843.7672   11.787    0.005    6.330 elp
2459843.8170   11.784    0.009    5.020 elp
2459843.8670   11.790    0.008    4.200 elp
2459843.9169   11.792    0.006    3.650 elp
2459843.9706   11.785    0.009    3.670 elp
2459844.5212   11.789    0.007    5.180 tfn
2459844.5671   11.786    0.009    3.720 tfn
2459844.6171   11.789    0.009    3.090 tfn
2459844.6699   11.789    0.009    3.670 tfn
2459844.7170   11.793    0.007    4.090 tfn
2459844.7671   11.775    0.009    3.860 elp
2459844.8170   11.775    0.008    4.330 elp
2459844.8670   11.778    0.007    4.130 elp
2459844.9169   11.771    0.009    3.660 elp
2459844.9669   11.772    0.009    3.770 elp
2459845.5242   11.779    0.010    9.630 tfn
2459845.5674   11.775    0.007    6.240 tfn
2459845.6172   11.780    0.010    5.570 tfn
2459845.6690   11.750    0.032    7.650 tfn
2459845.7185   11.836    0.066    6.620 tfn
2459845.7670   11.772    0.008    4.490 elp
2459845.8171   11.776    0.007    4.170 elp
2459845.8710   11.768    0.008    3.220 elp
2459845.9169   11.767    0.010    4.230 elp
2459845.9682   11.766    0.008    4.410 elp
2459846.7670   11.756    0.007    5.090 elp
2459846.8171   11.754    0.009    4.260 elp
2459846.8701   11.756    0.008    4.710 elp
2459846.9170   11.760    0.006    3.990 elp
2459846.9670   11.755    0.009    3.570 elp
2459847.8171   11.759    0.008    4.720 elp
2459847.9171   11.504    0.462    4.510 elp
2459847.9670   11.750    0.010    4.050 elp
2459849.7671   11.763    0.008    4.160 elp
2459849.8258   11.760    0.009    3.740 elp
2459849.8683   11.751    0.009    3.570 elp
2459849.9171   11.758    0.009    4.040 elp
2459849.9671   11.754    0.009    3.350 elp
2459850.7341   11.756    0.008    4.820 elp
2459850.7441   11.755    0.008    5.550 elp
2459850.8370   11.755    0.010    4.190 elp
2459850.9287   11.755    0.008    3.840 elp
2459850.9457   11.753    0.009    7.750 elp
2459851.7314   11.736    0.007    5.150 elp
2459851.7442   11.738    0.010    4.830 elp
2459851.8109   11.715    0.012    4.580 elp
2459851.8773   11.734    0.009    3.220 elp
2459852.4865   11.732    0.008    5.710 tfn
2459852.5442   11.726    0.012    4.770 tfn
2459852.9364   11.712    0.007    3.980 elp
2459853.6206   11.707    0.005    7.020 tfn
2459854.7244   11.692    0.008    4.500 elp
2459855.7436   11.680    0.068    5.820 elp
2459856.4753   11.706    0.009    5.060 tfn
2459856.5278   11.705    0.007    5.220 tfn
2459857.9094   11.700    0.007    3.140 elp
2459858.7665   11.692    0.009    4.030 elp
2459859.4670   11.693    0.008    6.150 tfn
2459859.5347   11.691    0.010    4.580 tfn
2459860.7947   11.664    0.012    4.020 elp
2459861.4620   11.674    0.063    4.900 tfn
2459862.4622   11.678    0.016    4.050 tfn
2459863.4631   11.667    0.008    4.770 tfn
2459864.4625   11.672    0.008    6.070 tfn
2459865.7324   11.678    0.008    4.340 elp
2459866.7324   11.671    0.008    3.850 elp
2459867.9347   11.685    0.128    3.940 elp
2459868.4445   11.660    0.010    4.350 tfn
2459869.4472   11.664    0.011    9.220 tfn
2459871.5208   11.707    0.011    4.640 tfn
2459872.4620   11.704    0.012    7.260 tfn
2459873.4480   11.703    0.008    5.310 tfn
2459874.4443   11.692    0.009    4.330 tfn
2459875.4274   11.674    0.046    7.560 tfn
2459877.5616   11.633    0.104    3.740 tfn
2459879.9202   11.687    0.008    3.060 elp
2459880.4303   11.697    0.005    5.800 tfn
2459883.8004   11.665    0.007    3.420 elp
2459884.7151   11.658    0.012    5.820 elp
2459885.7149   11.676    0.009    5.900 elp
2459886.8021   11.679    0.008    4.660 elp
2459887.7214   11.670    0.011    8.590 elp
2459888.4343   11.689    0.009    3.970 tfn
2459889.4469   11.679    0.011    4.150 tfn
2459889.7149   11.813    0.260    6.500 elp
2459890.4763   11.664    0.010    4.270 tfn
2459890.7151   11.663    0.006    3.130 elp
2459891.4236   11.668    0.006    4.760 tfn
2459892.7149   11.676    0.007    5.730 tfn
2459893.3923   11.680    0.010    4.450 tfn
2459893.7150   11.673    0.008    7.280 elp
2459894.4913   11.685    0.027    3.180 tfn
2459894.7150   11.677    0.010    4.490 elp
2459895.8192   11.667    0.010    6.690 elp
2459896.7150   11.653    0.010   13.690 elp
2459897.7527   11.644    0.011   10.230 elp
2459898.4613   11.649    0.007    5.210 tfn
2459898.7149   11.636    0.008    5.060 elp
2459899.3981   11.662    0.008    4.000 tfn
2459900.3815   11.669    0.008    4.190 tfn
2459901.3817   11.678    0.009    6.330 tfn
2459901.7150   11.674    0.010    3.820 elp
2459902.3817   11.680    0.010    6.600 tfn
2459903.4099   11.677    0.009    8.650 tfn
2459903.7216   11.663    0.007    4.940 tfn
2459905.3438   11.650    0.009    4.270 tfn
2459905.5787   11.648    0.007    5.870 tfn
2459906.3473   11.651    0.009    4.050 tfn
2459906.4858   11.654    0.008    4.440 tfn
2459907.3362   11.624    0.036    4.700 tfn
2459907.5795   11.645    0.008    5.420 elp
2459908.3333   11.651    0.010    4.470 tfn
2459909.3309   11.659    0.011    5.430 tfn
2459910.3302   11.645    0.006    5.550 tfn
2459910.4857   11.648    0.009    3.690 tfn
2459911.3255   11.639    0.009    4.710 tfn
2459911.5033   11.630    0.008    4.790 tfn
2459912.3299   11.625    0.006    5.200 tfn
2459912.5767   11.616    0.009    6.200 elp
2459913.6339   11.630    0.008    5.560 elp
2459914.3306   11.640    0.013    5.200 tfn
2459914.5231   11.645    0.007    5.050 tfn
2459915.4858   11.648    0.010    4.170 tfn
2459916.3303   11.655    0.012    4.400 tfn
2459916.5590   11.695    0.075    4.210 elp
2459917.4954   11.656    0.006    6.220 tfn
2459918.3061   11.674    0.012   11.820 tfn
2459918.5769   11.653    0.007    3.650 elp
2459920.3609   11.652    0.013    4.550 tfn
2459924.7165   11.656    0.007    3.680 elp
2459924.7880   11.657    0.008    5.290 elp
2459925.4203   11.665    0.007    6.340 tfn
2459926.8083   11.637    0.015   14.730 elp
2459927.3718   11.646    0.006    6.640 tfn
2459927.7817   11.643    0.008    7.210 elp
2459928.3608   11.649    0.008    6.720 tfn
2459928.7180   11.653    0.013    4.700 elp
2459929.3858   11.661    0.010    5.350 tfn
2459929.6942   11.662    0.009    4.230 elp
2459930.3609   11.678    0.009    4.500 tfn
2459931.4605   11.690    0.007    4.400 tfn
2459931.6941   11.686    0.008    5.560 elp
2459932.3608   11.694    0.011    3.550 tfn
2459932.6941   11.683    0.007    8.050 elp
2459933.3743   11.693    0.009    3.300 tfn
2459933.6940   11.677    0.008    4.740 elp
2459934.3650   11.681    0.008    3.730 tfn
2459934.6942   11.660    0.006    3.760 elp
2459935.3609   11.679    0.006    5.710 tfn
2459936.3634   11.685    0.011    3.380 tfn
2459937.3612   11.687    0.081    7.600 tfn
2459938.4171   11.702    0.010    4.970 tfn
