2458204.65893  13.90727  0.01164
2458301.97942  13.77247  0.01165
2458304.96426  13.78482  0.01164
2458307.96535  13.78220  0.01164
2458312.98036  13.69354  0.01165
2458315.94533  13.73063  0.01165
2458321.94503  13.71607  0.01165
2458324.93089  13.72038  0.01165
2458327.99157  13.73866  0.01165
2458330.99352  13.71879  0.01165
2458333.96979  13.68991  0.01165
2458336.99578  13.75150  0.01165
2458340.99067  13.67139  0.01166
2458340.99161  13.68116  0.01165
2458342.95186  13.69136  0.01165
2458343.92897  13.71345  0.01165
2458343.94511  13.71123  0.01165
2458344.99593  13.73098  0.01165
2458346.99436  13.71302  0.01165
2458349.95136  13.70626  0.01165
2458352.92364  13.72570  0.01165
2458361.94718  13.70001  0.01165
2458364.97315  13.72804  0.01165
2458367.92735  13.75696  0.01165
2458370.94428  13.71213  0.01165
2458373.92718  13.75399  0.01165
2458376.97030  13.71413  0.01165
2458379.97000  13.73062  0.01165
2458382.95823  13.73673  0.01165
2458384.84451  13.80302  0.01164
2458384.84496  13.75772  0.01541
2458385.91512  13.71336  0.01165
2458385.91604  13.76742  0.01540
2458385.97183  13.71343  0.01165
2458388.85702  13.79662  0.01538
2458388.88778  13.76446  0.01165
2458388.92224  13.76113  0.01165
2458389.87344  13.81679  0.01536
2458389.87389  13.77872  0.01164
2458390.86762  13.78922  0.01538
2458390.86807  13.75691  0.01165
2458397.88655  13.74001  0.01165
2458422.91239  13.72081  0.01165
2458422.94068  13.80162  0.01537
2458423.93780  13.76838  0.01540
2458425.88987  13.77573  0.01164
2458426.86212  13.78357  0.01539
2458427.81333  13.75425  0.01542
2458428.80431  13.69539  0.01165
2458430.82661  13.75581  0.01541
2458431.91060  13.72566  0.01165
2458434.91465  13.74392  0.01165
2458436.71220  13.71106  0.01546
2458437.91605  13.72246  0.01165
2458438.88183  13.76809  0.01540
2458440.04187  13.76050  0.01541
2458440.91136  13.77788  0.01164
2458443.71667  13.74611  0.01165
2458443.73138  13.78291  0.01539
2458450.91667  13.69954  0.01165
2458462.85047  13.77109  0.01165
2458465.73176  13.72608  0.01165
2458471.61587  13.80439  0.01164
2458472.71915  13.72707  0.01544
2458472.71961  13.69945  0.01165
2458474.62294  13.70648  0.01165
2458480.78145  13.69528  0.01165
2458483.63934  13.75251  0.01542
2458483.63979  13.72788  0.01165
2458487.68695  13.72504  0.01165
2458487.68740  13.73408  0.01543
2458488.69547  13.71852  0.01165
2458488.69592  13.71791  0.01545
2458492.73133  13.82007  0.01535
2458492.73178  13.77736  0.01164
2458493.70194  13.73629  0.01165
2458495.68644  13.76393  0.01541
2458495.68689  13.68943  0.01165
2458503.69719  13.70502  0.01165
2458505.70037  13.70269  0.01165
2458505.70224  13.76639  0.01540
2458507.67993  13.71714  0.01165
2458510.68310  13.73133  0.01165
2458514.68394  13.72405  0.01165
2458522.65646  13.70109  0.01165
2458534.64135  13.71616  0.01165
2458538.63573  13.69411  0.01165
2458547.73653  13.67287  0.01166
2458556.62011  13.71228  0.01546
2458557.63167  13.74252  0.01165
2458560.68008  13.72255  0.01165
2458568.68212  13.66533  0.01166
2458574.65599  13.66819  0.01166
2458674.94429  13.72054  0.01165
2458678.94075  13.71931  0.01165
2458681.96854  13.72012  0.01165
2458684.92736  13.73722  0.01165
2458690.97774  13.79816  0.01164
2458693.92885  13.72175  0.01165
2458696.95188  13.72753  0.01165
2458699.96401  13.74547  0.01165
2458703.98364  13.75100  0.01165
2458706.97145  13.75607  0.01165
2458709.99018  13.70740  0.01165
2458712.98859  13.76893  0.01165
2458718.94270  13.75977  0.01165
2458720.01000  13.80939  0.01536
2458720.01045  13.80741  0.01537
2458723.96799  13.74174  0.01543
2458723.96845  13.73984  0.01543
2458724.97157  13.70060  0.01165
2458725.94619  13.74138  0.01543
2458725.94665  13.74130  0.01543
2458726.97981  13.76386  0.01541
2458727.97201  13.75104  0.01165
2458732.92425  13.73461  0.01165
2458734.93378  13.77505  0.01540
2458734.93423  13.78442  0.01539
2458735.95203  13.78255  0.01164
2458737.91291  13.81279  0.01536
2458737.91336  13.79260  0.01538
2458738.99717  13.71669  0.01165
2458742.02096  13.83431  0.01164
2458744.99063  13.75249  0.01165
2458746.98684  13.84686  0.01533
2458746.98729  13.77900  0.01539
2458747.99178  13.74173  0.01165
2458749.89542  13.79690  0.01538
2458749.89587  13.78783  0.01538
2458750.88102  13.78052  0.01164
2458750.91778  13.78403  0.01539
2458750.91823  13.78255  0.01539
2458751.91578  13.79120  0.01538
2458751.91623  13.77966  0.01539
2458756.91308  13.73470  0.01165
2458758.91493  13.78794  0.01538
2458758.91538  13.77642  0.01539
2458759.91802  13.74137  0.01165
2458760.93976  13.74823  0.01542
2458760.94021  13.75508  0.01541
2458763.92793  13.75897  0.01165
2458764.85543  13.79032  0.01538
2458764.85588  13.78870  0.01538
2458764.89744  13.77448  0.01165
2458765.96505  13.75314  0.01165
2458765.97433  13.79335  0.01538
2458765.97478  13.79626  0.01538
2458766.84609  13.78658  0.01539
2458766.84654  13.80234  0.01537
2458766.95885  13.75750  0.01165
2458766.95977  13.74877  0.01165
2458767.84216  13.76897  0.01540
2458767.84262  13.78224  0.01539
2458768.00263  13.72852  0.01165
2458768.82708  13.76368  0.01541
2458768.82753  13.74734  0.01542
2458769.99985  13.72590  0.01165
2458772.81380  13.80040  0.01537
2458772.81425  13.77760  0.01539
2458772.82291  13.67501  0.01165
2458775.89142  13.73308  0.01165
2458775.89187  13.76905  0.01540
2458775.89232  13.76179  0.01541
2458778.80410  13.75132  0.01165
2458778.80503  13.76296  0.01165
2458780.00247  13.77114  0.01540
2458780.00292  13.81509  0.01536
2458781.91201  13.72161  0.01165
2458781.91291  13.74324  0.01165
2458784.90810  13.69800  0.01165
2458784.91322  13.69862  0.01165
2458785.89265  13.73155  0.01544
2458785.89310  13.70159  0.01547
2458786.77507  13.69379  0.01547
2458786.77552  13.72606  0.01544
2458788.87993  13.72595  0.01544
2458788.88038  13.69475  0.01547
2458790.73773  13.71244  0.01165
2458790.74866  13.71827  0.01165
2458790.83625  13.71567  0.01165
2458791.73876  13.70158  0.01165
2458791.74969  13.72749  0.01165
2458791.79485  13.73714  0.01165
2458791.80506  13.70295  0.01165
2458793.73874  13.77219  0.01165
2458793.74968  13.76224  0.01165
2458794.73861  13.78309  0.01164
2458794.74955  13.74798  0.01165
2458794.78403  13.76975  0.01165
2458795.73892  13.77655  0.01164
2458795.74986  13.76508  0.01165
2458795.77370  13.78382  0.01539
2458795.77415  13.78246  0.01539
2458795.78766  13.76163  0.01165
2458796.73923  13.77386  0.01165
2458796.75017  13.73938  0.01165
2458796.77647  13.76176  0.01165
2458797.71951  13.72344  0.01165
2458797.77279  13.75798  0.01541
2458797.77324  13.76601  0.01540
2458797.78751  13.72929  0.01165
2458798.68965  13.70598  0.01165
2458800.74722  13.75979  0.01165
2458801.73193  13.76192  0.01165
2458802.69887  13.77674  0.01164
2458802.74479  13.78309  0.01539
2458802.74524  13.78524  0.01539
2458802.74617  13.77897  0.01164
2458803.70827  13.74955  0.01165
2458804.70916  13.73145  0.01165
2458805.71234  13.73087  0.01165
2458806.86393  13.72977  0.01165
2458811.72377  13.73338  0.01165
2458811.74949  13.71512  0.01545
2458811.74994  13.73688  0.01543
2458811.75039  13.73175  0.01165
2458812.83366  13.71417  0.01165
2458813.70352  13.63670  0.01166
2458819.72860  13.71631  0.01165
2458820.67236  13.71834  0.01165
2458820.72910  13.71269  0.01165
2458828.61527  13.77805  0.01164
2458830.63522  13.73473  0.01165
2458831.73712  13.74984  0.01165
2458833.69040  13.73123  0.01165
2458846.72561  13.69027  0.01165
2458849.60309  13.71712  0.01165
2458849.64313  13.69734  0.01165
2458851.64394  13.74447  0.01165
2458852.62323  13.73341  0.01165
2458852.64518  13.74993  0.01165
2458853.61920  13.82111  0.01164
2458855.66896  13.75786  0.01165
2458855.67598  13.72479  0.01165
2458859.61847  13.74336  0.01165
2458861.62511  13.74504  0.01165
2458863.63362  13.71757  0.01165
2458863.64756  13.71252  0.01165
2458863.79304  13.75131  0.01165
2458864.61786  13.72032  0.01165
2458867.65544  13.71469  0.01165
2458871.68576  13.70730  0.01165
2458872.70989  13.69283  0.01165
2458874.67807  13.72009  0.01165
2458876.70825  13.73594  0.01165
2458877.70355  13.69568  0.01165
2458879.61402  13.70128  0.01165
2458880.60441  13.73259  0.01165
2458880.62284  13.71543  0.01165
2458882.60617  13.76027  0.01165
2458886.65972  13.71484  0.01165
2458886.68189  13.72549  0.01165
2458890.74491  13.69959  0.01165
2458893.65924  13.70354  0.01165
2458896.70222  13.73629  0.01165
2458899.68498  13.71182  0.01165
2458903.63891  13.71253  0.01165
2458913.61832  13.78481  0.01164
2458917.69543  13.68348  0.01165
2458941.63768  13.73925  0.01165
2459048.97026  13.72592  0.01165
2459051.98979  13.75021  0.01165
2459054.96139  13.73017  0.01165
2459057.92232  13.72647  0.01165
2459062.92183  13.75955  0.01165
2459066.92865  13.75725  0.01165
2459069.88981  13.73935  0.01165
2459077.00465  13.88997  0.01164
2459079.98452  14.24975  0.01165
2459080.96954  13.71256  0.01165
2459081.98457  13.72989  0.01165
2459082.94445  13.73977  0.01165
2459083.98481  13.70714  0.01165
2459084.96778  13.72436  0.01165
2459085.95310  13.71880  0.01165
2459086.99278  13.71181  0.01165
2459087.01421  13.72049  0.01165
2459087.99396  13.71776  0.01165
2459089.00691  13.74219  0.01165
2459089.98923  13.74711  0.01165
2459090.89344  13.75488  0.01165
2459091.89321  13.76110  0.01165
2459092.88393  13.74337  0.01165
2459093.96884  13.71723  0.01165
2459093.97932  13.72658  0.01165
2459096.97061  13.73339  0.01165
2459097.92477  13.76086  0.01165
2459107.00173  13.71772  0.01165
2459107.89745  13.70810  0.01165
2459107.90613  13.71111  0.01165
2459111.00967  13.73507  0.01165
2459113.03077  13.77165  0.01165
2459113.91292  13.71947  0.01165
2459117.01226  13.71752  0.01165
2459117.03071  13.74749  0.01165
2459118.96917  13.76066  0.01165
2459119.85080  13.74790  0.01165
2459120.81202  13.78601  0.01164
2459121.81608  13.75582  0.01165
2459122.81256  13.73424  0.01165
2459123.90942  13.72983  0.01165
2459125.90519  13.74566  0.01165
2459127.92224  13.76617  0.01165
2459129.93051  13.73918  0.01165
2459131.85553  13.73842  0.01165
2459134.89124  13.76448  0.01165
2459136.90206  13.73631  0.01165
2459139.91116  13.68993  0.01165
2459141.92005  13.73088  0.01165
2459143.89453  13.72327  0.01165
2459145.92146  13.71967  0.01165
2459149.96014  13.75224  0.01165
2459151.83015  13.73393  0.01165
2459153.90642  13.71396  0.01165
2459155.89147  13.75557  0.01165
2459157.89060  13.75874  0.01165
2459164.93927  13.76889  0.01165
2459166.91929  13.74392  0.01165
2459168.76227  13.72211  0.01165
2459170.73973  13.75060  0.01165
2459172.74023  13.74538  0.01165
2459175.80721  13.73652  0.01165
2459177.89510  13.78028  0.01164
2459179.75889  13.75175  0.01165
2459181.72070  13.73884  0.01165
2459183.72001  13.76072  0.01165
2459185.70012  13.78390  0.01164
2459187.70603  13.75493  0.01165
2459192.72848  13.69224  0.01165
2459194.72463  13.74501  0.01165
2459200.68295  13.72567  0.01165
2459203.81452  13.71204  0.01165
2459205.76791  13.73415  0.01165
2459207.68744  13.76199  0.01165
2459211.72552  13.73605  0.01165
2459216.67952  13.74431  0.01165
2459218.72982  13.72209  0.01165
2459220.70534  13.74176  0.01165
2459222.67974  13.73726  0.01165
2459224.69924  13.74525  0.01165
2459226.71679  13.72091  0.01165
2459228.70565  13.73615  0.01165
2459230.70563  13.74386  0.01165
2459232.72708  13.73002  0.01165
2459243.73891  13.78362  0.01164
2459249.64024  13.72542  0.01165
2459251.63732  13.77222  0.01165
2459253.67961  13.75274  0.01165
2459255.66007  13.73563  0.01165
2459255.66102  13.73031  0.01165
2459256.76321  13.72025  0.01165
2459257.66190  13.73132  0.01165
2459257.66284  13.71590  0.01165
2459260.68061  13.74570  0.01165
2459262.65598  13.71649  0.01165
2459263.66229  13.73604  0.01165
2459264.64391  13.75559  0.01165
2459265.67663  13.73570  0.01165
2459265.67756  13.75942  0.01165
2459267.70863  13.75539  0.01165
2459268.66096  13.76651  0.01165
2459269.74714  13.75337  0.01165
2459273.65706  13.76029  0.01165
2459275.65640  13.74256  0.01165
2459278.70500  13.72178  0.01165
2459296.69373  13.73715  0.01165
2459434.94644  13.73059  0.01165
2459436.95323  13.72670  0.01165
2459440.94960  13.70256  0.01165
2459443.94862  13.73764  0.01165
2459449.96776  13.74551  0.01165
2459453.93181  13.73029  0.01165
2459459.94798  13.74495  0.01165
2459461.95242  13.72705  0.01165
2459463.94950  13.71107  0.01165
2459465.92717  13.74047  0.01165
2459467.95221  13.71937  0.01165
2459469.92818  13.71343  0.01165
2459471.88608  13.72067  0.01165
2459474.93894  13.73819  0.01165
2459477.87182  13.72449  0.01165
2459479.84514  13.73824  0.01165
2459484.91714  13.71584  0.01165
2459487.93524  13.74883  0.01165
2459489.86557  13.73961  0.01165
2459496.87288  13.74974  0.01165
2459498.94117  13.69946  0.01165
2459503.95263  13.74497  0.01165
2459509.88498  13.71974  0.01165
2459511.85522  13.75095  0.01165
2459517.76814  13.75268  0.01165
2459521.81325  13.71326  0.01165
2459523.84983  13.72714  0.01165
2459525.83284  13.74751  0.01165
2459527.81262  13.72155  0.01165
2459530.83568  13.73719  0.01165
2459532.76570  13.76329  0.01165
2459537.91283  13.73675  0.01165
2459540.88742  13.76171  0.01165
2459622.71930  13.78420  0.01164
2459624.70271  13.77003  0.01165
2459627.69792  13.77541  0.01165
2459629.68330  13.76106  0.01165
2459636.67726  13.77666  0.01164
2459638.66344  13.76224  0.01165
2459640.65561  13.73051  0.01165
2459757.96599  13.54189  0.01167
2459757.96836  13.54385  0.01167
2459757.97072  13.54237  0.01167
2459757.97310  13.56167  0.01167
2459757.97547  13.55205  0.01167
2459769.96066  13.54817  0.01167
2459769.96318  13.55572  0.01167
2459769.96568  13.54965  0.01167
2459769.96819  13.55179  0.01167
2459769.97070  13.55679  0.01167
2459770.96220  13.51703  0.01168
2459770.96471  13.53158  0.01167
2459770.96722  13.52747  0.01167
2459770.96973  13.52417  0.01168
2459770.97224  13.53173  0.01167
2459771.96215  13.50740  0.01168
2459771.96461  13.50837  0.01168
2459771.96709  13.50092  0.01168
2459771.96955  13.51479  0.01168
2459771.97202  13.50241  0.01168
2459800.88394  13.24234  0.01173
2459803.96674  13.20810  0.01174
2459806.98106  13.26814  0.01172
2459809.92080  13.24832  0.01173
2459812.93349  13.20686  0.01174
2459814.92632  13.22775  0.01173
2459816.94486  13.19194  0.01174
2459818.97118  13.12558  0.01176
2459821.94722  12.97482  0.01179
2459824.92986  12.93348  0.01181
2459827.93720  12.98597  0.01179
