# obstime,calmag,calmagerr,fwhm,code
2459812.5392   10.123    0.021   13.150 None
2459812.5513   10.130    0.016   12.770 None
2459825.6370    9.947    0.038   10.390 mmmm0009
2459826.5848    9.986    0.039   12.200 mmmm0009
2459826.5863    9.954    0.061   10.440 mmmm0009
2459827.6457    9.962    0.107   11.350 mmmm0009
2459832.6126   10.030    0.053   12.390 mmmm0009
2459832.6156   10.074    0.006   12.660 mmmm0009
2459833.4383   10.008    0.025   14.050 mmmm0009
2459833.4749   10.009    0.056   12.050 mmmm0009
2459833.4764    9.990    0.049   12.410 mmmm0009
2459833.4779   10.005    0.051   12.080 mmmm0009
2459834.5226   10.039    0.064   12.790 mmmm0009
2459834.5241   10.056    0.076   13.140 mmmm0009
2459834.5256   10.041    0.023   11.800 mmmm0009
2459834.6352   10.060    0.016   11.380 mmmm0009
2459834.6366   10.054    0.026   11.840 mmmm0009
2459834.6381   10.022    0.034   10.790 mmmm0009
2459837.5370   10.083    0.037   14.000 mmmm0009
2459837.5385   10.078    0.005   11.250 mmmm0009
2459837.5400   10.069    0.048   11.360 mmmm0009
2459837.5750   10.076    0.031    9.800 mmmm0009
2459837.5764   10.066    0.027   10.250 mmmm0009
2459837.5779   10.069    0.019   11.210 mmmm0009
2459837.6113   10.080    0.043   12.340 mmmm0009
2459837.6127   10.080    0.032   12.480 mmmm0009
2459837.6142   10.090    0.042   11.580 mmmm0009
2459837.6476   10.062    0.063   13.580 mmmm0009
2459837.6867   10.059    0.034   13.060 mmmm0009
2459838.5365   10.072    0.017   11.510 mmmm0009
2459838.5380   10.053    0.012   10.700 mmmm0009
2459838.5733   10.080    0.040   11.810 mmmm0009
2459838.5748   10.098    0.051    9.430 mmmm0009
2459838.5762   10.091    0.038   11.670 mmmm0009
2459838.6122   10.065    0.059    8.660 mmmm0009
2459838.6137   10.084    0.024    9.350 mmmm0009
2459838.6152   10.048    0.062   10.030 mmmm0009
2459839.6131   10.087    0.033   10.590 mmmm0009
2459839.6146   10.085    0.077   10.050 mmmm0009
2459839.6161   10.076    0.032    8.120 mmmm0009
2459839.6497   10.078    0.022   12.440 mmmm0009
2459839.6512   10.065    0.012   12.050 mmmm0009
2459839.6527   10.100    0.040   12.010 mmmm0009
2459840.5317   10.092    0.010   13.700 mmmm0009
2459840.5331   10.112    0.039   13.130 mmmm0009
2459840.5346   10.093    0.055   12.160 mmmm0009
2459840.5690   10.086    0.003   10.490 mmmm0009
2459840.5704   10.081    0.014   10.400 mmmm0009
2459840.5719   10.099    0.035    9.790 mmmm0009
2459840.6068   10.116    0.067   10.260 mmmm0009
2459840.6083   10.094    0.028    9.870 mmmm0009
2459840.6098   10.100    0.042   10.230 mmmm0009
2459840.6448   10.092    0.054   11.870 mmmm0009
2459840.6464   10.090    0.035   11.810 mmmm0009
2459840.6478   10.088    0.027   10.390 mmmm0009
2459844.5359   10.129    0.058   11.980 mmmm0009
2459844.5374   10.115    0.026   10.600 mmmm0009
2459844.5711   10.130    0.031   10.050 mmmm0009
2459844.5726   10.122    0.050   10.160 mmmm0009
2459844.5741   10.121    0.028   10.400 mmmm0009
2459844.6079   10.114    0.018   10.050 mmmm0009
2459844.6094   10.120    0.030   11.230 mmmm0009
2459844.6108   10.101    0.027    9.190 mmmm0009
2459844.6453   10.113    0.017   11.770 mmmm0009
2459844.6468   10.124    0.048   11.760 mmmm0009
2459844.6483   10.121    0.025   12.200 mmmm0009
2459844.6865   10.109    0.031   11.010 mmmm0009
2459844.6879   10.115    0.027   10.690 mmmm0009
2459844.6894   10.135    0.034   10.860 mmmm0009
2459845.5356   10.134    0.079   13.610 mmmm0009
2459845.5371   10.115    0.030   12.050 mmmm0009
2459845.5737   10.111    0.033    8.750 mmmm0009
2459845.5752   10.100    0.020    8.770 mmmm0009
2459845.5766   10.115    0.039    9.230 mmmm0009
2459845.6117   10.122    0.061   11.240 mmmm0009
2459845.6132   10.132    0.045   10.820 mmmm0009
2459845.6147   10.123    0.036   10.910 mmmm0009
2459845.6476   10.112    0.040   10.990 mmmm0009
2459845.6491   10.131    0.044   11.880 mmmm0009
2459845.6506   10.116    0.026   12.060 mmmm0009
2459845.6879   10.120    0.054   10.540 mmmm0009
2459846.5438   10.137    0.067   12.230 mmmm0009
2459846.5452   10.122    0.059   11.480 mmmm0009
2459846.5467   10.116    0.052   10.580 mmmm0009
2459846.5805   10.075    0.015   10.640 mmmm0009
2459846.5819   10.088    0.021    9.620 mmmm0009
2459846.5834   10.074    0.022   10.490 mmmm0009
2459846.6175   10.079    0.024   10.630 mmmm0009
2459846.6190   10.085    0.019    8.820 mmmm0009
2459846.6205   10.088    0.045    8.580 mmmm0009
2459846.6563   10.103    0.049   10.320 mmmm0009
2459846.6577   10.083    0.048    9.630 mmmm0009
2459846.6592   10.087    0.016    9.270 mmmm0009
2459846.6926   10.084    0.031   10.860 mmmm0009
2459846.6940   10.087    0.025   11.280 mmmm0009
2459846.6955   10.093    0.030   11.900 mmmm0009
2459857.4333   10.060    0.078   10.300 mmmm0009
2459857.4348   10.054    0.061   10.810 mmmm0009
2459857.4362   10.030    0.031    9.790 mmmm0009
2459857.4702   10.017    0.029   12.710 mmmm0009
2459857.4717   10.027    0.024   12.380 mmmm0009
2459857.4732   10.028    0.039   12.360 mmmm0009
2459857.5083    9.996    0.003    9.390 mmmm0009
2459857.5097   10.006    0.018    8.770 mmmm0009
2459857.5112    9.999    0.022    9.140 mmmm0009
2459857.5459    9.992    0.018    9.410 mmmm0009
2459857.5474   10.015    0.053    9.300 mmmm0009
2459857.5489    9.994    0.042    8.640 mmmm0009
2459858.5925   10.003    0.027   12.310 mmmm0009
2459858.5940   10.019    0.063   11.820 mmmm0009
2459858.6315   10.013    0.044   11.040 mmmm0009
2459858.6345   10.004    0.060   12.020 mmmm0009
2459858.6668   10.024    0.026   11.020 mmmm0009
2459858.6682   10.004    0.039   11.920 mmmm0009
2459858.6697    9.999    0.022   11.300 mmmm0009
2459859.4052    9.995    0.003   13.830 mmmm0009
2459859.4067   10.003    0.039   12.240 mmmm0009
2459859.4081   10.019    0.040   12.540 mmmm0009
2459859.4427   10.009    0.026   10.900 mmmm0009
2459859.4442   10.026    0.050   12.070 mmmm0009
2459859.4457   10.019    0.038   11.340 mmmm0009
2459859.4806    9.984    0.013   11.900 mmmm0009
2459859.4820    9.986    0.025   10.280 mmmm0009
2459859.4835    9.996    0.038    9.070 mmmm0009
2459859.5167    9.991    0.036   11.830 mmmm0009
2459859.5181   10.007    0.028   11.530 mmmm0009
2459859.5196    9.990    0.023   11.240 mmmm0009
2459860.3683    9.979    0.040   14.330 mmmm0009
2459860.3698    9.997    0.066   13.710 mmmm0009
2459860.3713    9.990    0.093   13.250 mmmm0009
2459860.4057    9.987    0.020   14.180 mmmm0009
2459860.4072    9.968    0.024   11.340 mmmm0009
2459860.4816    9.975    0.051   10.810 mmmm0009
2459860.4885    9.978    0.001    9.160 mmmm0009
2459861.3614    9.961    0.004   12.760 mmmm0009
2459861.3629    9.991    0.050   13.220 mmmm0009
2459861.3644    9.996    0.047   12.210 mmmm0009
2459861.3997    9.973    0.037   11.510 mmmm0009
2459861.4012    9.997    0.108   11.630 mmmm0009
2459861.4027    9.953    0.030   11.630 mmmm0009
2459861.4681    9.952    0.013   11.500 mmmm0009
2459861.4696    9.963    0.063   11.630 mmmm0009
2459861.4711    9.963    0.060   10.970 mmmm0009
2459861.5062    9.963    0.047    9.450 mmmm0009
2459861.5076    9.971    0.031    9.330 mmmm0009
2459861.5091    9.974    0.039    9.190 mmmm0009
2459863.3881    9.948    0.067   14.580 mmmm0009
2459863.3896    9.945    0.034   13.590 mmmm0009
2459863.4244    9.953    0.058   10.410 mmmm0009
2459863.4258    9.979    0.027   10.400 mmmm0009
2459863.4273    9.948    0.033   10.910 mmmm0009
2459863.5071    9.968    0.015    9.280 mmmm0009
2459863.5085    9.972    0.025    9.230 mmmm0009
2459863.5100    9.930    0.047    9.140 mmmm0009
2459868.3793    9.972    0.028   12.240 mmmm0009
2459868.4139    9.968    0.015   11.250 mmmm0009
2459868.4154    9.986    0.048   10.490 mmmm0009
2459868.4169    9.965    0.024   10.980 mmmm0009
2459868.4523    9.971    0.044    9.370 mmmm0009
2459868.4537    9.980    0.033    9.220 mmmm0009
2459868.4552    9.967    0.038    9.190 mmmm0009
2459868.4886    9.946    0.016   12.010 mmmm0009
2459868.4901    9.979    0.035   11.470 mmmm0009
2459868.4916    9.987    0.031   11.330 mmmm0009
2459876.5569    9.969    0.038   13.460 mmmm0009
2459876.5584    9.984    0.024   13.630 mmmm0009
2459876.5599    9.968    0.029   13.320 mmmm0009
2459877.5720    9.987    0.052   11.670 mmmm0009
2459877.5735    9.977    0.020   12.710 mmmm0009
2459877.5750   10.006    0.043   13.330 mmmm0009
2459879.6393   10.001    0.015   10.320 mmmm0009
2459879.6408   10.001    0.028   10.530 mmmm0009
2459879.6423   10.018    0.047   10.140 mmmm0009
2459879.6767   10.014    0.032   12.470 mmmm0009
2459879.6781   10.010    0.022   11.780 mmmm0009
2459879.6796   10.019    0.066   11.060 mmmm0009
2459879.7141   10.035    0.045   10.730 mmmm0009
2459879.7156   10.005    0.028   10.330 mmmm0009
2459879.7171   10.012    0.063   10.680 mmmm0009
2459880.6355   10.017    0.080   14.260 mmmm0009
2459880.6370   10.014    0.034   12.350 mmmm0009
2459880.6386   10.007    0.064   11.660 mmmm0009
2459880.6730    9.990    0.005   11.610 mmmm0009
2459880.6745   10.008    0.030   11.220 mmmm0009
2459880.6759    9.986    0.014   13.030 mmmm0009
2459881.6406    9.974    0.072    6.220 mmmm0009
2459881.6421    9.972    0.062    6.180 mmmm0009
2459881.6771    9.977    0.025    5.020 mmmm0009
2459881.6786    9.982    0.078    5.200 mmmm0009
2459881.6801    9.974    0.038    5.340 mmmm0009
2459881.7141    9.977    0.034    5.490 mmmm0009
2459881.7156    9.975    0.019    5.600 mmmm0009
2459881.7171    9.987    0.028    6.090 mmmm0009
2459882.6430    9.969    0.050    4.820 mmmm0009
2459882.7178    9.965    0.026    4.620 mmmm0009
2459883.3590    9.980    0.028    6.570 mmmm0009
2459883.3605    9.964    0.062    6.840 mmmm0009
2459883.3620    9.968    0.031    6.440 mmmm0009
2459883.3972    9.966    0.089    6.310 mmmm0009
2459883.3986    9.977    0.043    6.180 mmmm0009
2459883.4001    9.960    0.098    7.250 mmmm0009
2459883.4344    9.950    0.051    5.820 mmmm0009
2459883.4358    9.960    0.018    5.430 mmmm0009
2459883.4373    9.964    0.018    5.440 mmmm0009
2459885.2966    9.975    0.009    7.260 mmmm0009
2459885.3338    9.960    0.113    6.890 mmmm0009
2459885.3353    9.962    0.034    6.030 mmmm0009
2459885.3585    9.965    0.071    6.660 mmmm0009
2459885.3938    9.962    0.119    7.100 mmmm0009
2459885.3952    9.984    0.037    6.320 mmmm0009
2459885.3967    9.971    0.039    5.830 mmmm0009
2459885.4317    9.978    0.040    5.210 mmmm0009
2459885.4332    9.954    0.067    5.580 mmmm0009
2459885.4347    9.971    0.012    5.210 mmmm0009
2459886.2976    9.986    0.045    6.600 mmmm0009
2459886.2990   10.015    0.045    6.730 mmmm0009
2459886.3005   10.013    0.067    6.650 mmmm0009
2459886.3353    9.960    0.027    6.810 mmmm0009
2459886.3367    9.994    0.054    6.180 mmmm0009
2459886.3382   10.015    0.084    5.880 mmmm0009
2459886.3730    9.983    0.033    5.800 mmmm0009
2459886.3744   10.000    0.064    5.570 mmmm0009
2459886.3759    9.987    0.081    5.830 mmmm0009
2459886.4159    9.978    0.044    6.080 mmmm0009
2459886.4173   10.016    0.071    5.650 mmmm0009
2459886.4188    9.997    0.107    5.690 mmmm0009
2459887.3427    9.979    0.033    7.910 mmmm0009
2459887.3441   10.033    0.087    7.750 mmmm0009
2459887.3791    9.981    0.057    8.110 mmmm0009
2459887.3806    9.976    0.004    7.290 mmmm0009
2459887.3821    9.964    0.156    8.160 mmmm0009
2459887.4164    9.979    0.034    6.410 mmmm0009
2459887.4179    9.981    0.024    6.290 mmmm0009
2459887.4194    9.976    0.051    6.330 mmmm0009
2459887.4540    9.974    0.026    6.160 mmmm0009
2459887.4554    9.970    0.098    6.720 mmmm0009
2459887.4569    9.963    0.019    6.800 mmmm0009
2459887.4916    9.976    0.049    6.790 mmmm0009
2459887.4930    9.972    0.027    6.700 mmmm0009
2459887.4945    9.988    0.049    6.170 mmmm0009
2459888.4032   10.016    0.055    5.410 mmmm0009
2459888.4047    9.980    0.041    5.240 mmmm0009
2459888.4062    9.997    0.066    5.870 mmmm0009
2459888.4362   10.006    0.035    5.790 mmmm0009
2459888.4711    9.996    0.040    6.060 mmmm0009
2459888.4726   10.003    0.028    5.310 mmmm0009
2459888.4740    9.980    0.009    6.200 mmmm0009
2459888.5084   10.009    0.034    6.550 mmmm0009
2459888.5099    9.982    0.095    7.220 mmmm0009
2459888.5113    9.982    0.079    6.850 mmmm0009
2459889.2614   10.008    0.063    7.110 mmmm0009
2459889.2629   10.007    0.077    7.140 mmmm0009
2459889.2644   10.014    0.048    6.600 mmmm0009
2459889.2989    9.987    0.092    7.220 mmmm0009
2459889.3003    9.969    0.037    8.200 mmmm0009
2459889.3370    9.993    0.052    6.640 mmmm0009
2459889.3384    9.986    0.028    6.650 mmmm0009
2459889.3399    9.982    0.044    6.540 mmmm0009
2459889.3748    9.986    0.052    7.320 mmmm0009
2459889.3763    9.990    0.109    7.070 mmmm0009
2459889.3777    9.995    0.047    6.390 mmmm0009
2459889.4116   10.015    0.045    5.730 mmmm0009
2459889.4131    9.984    0.023    5.550 mmmm0009
2459889.4145    9.984    0.053    6.420 mmmm0009
2459890.2694    9.969    0.049    8.390 mmmm0009
2459890.2709    9.966    0.101    8.270 mmmm0009
2459890.2723    9.952    0.168    9.100 mmmm0009
2459890.3068   10.002    0.081    7.110 mmmm0009
2459890.3083    9.980    0.105    7.260 mmmm0009
2459890.3098    9.987    0.084    7.170 mmmm0009
2459890.3445    9.973    0.077    6.740 mmmm0009
2459890.3459    9.977    0.078    6.510 mmmm0009
2459890.3474    9.976    0.038    6.810 mmmm0009
2459890.3819    9.958    0.101    6.790 mmmm0009
2459890.3834    9.995    0.038    6.310 mmmm0009
2459890.3848    9.980    0.041    6.050 mmmm0009
2459890.4203    9.995    0.057    5.820 mmmm0009
2459890.4218    9.986    0.072    5.360 mmmm0009
2459890.4233    9.967    0.032    4.690 mmmm0009
2459891.3075    9.935    0.078    6.520 mmmm0009
2459891.3089    9.942    0.002    6.790 mmmm0009
2459891.3104    9.971    0.093    7.480 mmmm0009
2459891.3458    9.962    0.082    5.170 mmmm0009
2459891.3472    9.979    0.045    5.250 mmmm0009
2459891.3487    9.976    0.045    4.840 mmmm0009
2459891.3835    9.965    0.040    6.450 mmmm0009
2459891.3851    9.974    0.021    4.990 mmmm0009
2459891.3865    9.980    0.068    5.070 mmmm0009
2459891.4220    9.976    0.056    5.050 mmmm0009
2459891.4235    9.997    0.064    5.480 mmmm0009
2459891.4249    9.969    0.044    4.260 mmmm0009
2459892.3726    9.945    0.119    6.330 mmmm0009
2459892.3741    9.965    0.069    6.690 mmmm0009
2459893.2673    9.988    0.124    8.080 mmmm0009
2459893.3140    9.971    0.058    6.490 mmmm0009
2459893.3155    9.954    0.077    6.260 mmmm0009
2459893.3170    9.977    0.017    6.440 mmmm0009
2459893.3517    9.997    0.035    5.820 mmmm0009
2459893.3532    9.991    0.070    5.610 mmmm0009
2459893.3547   10.003    0.037    5.790 mmmm0009
2459896.3244    9.956    0.055    5.920 mmmm0009
2459896.3259    9.980    0.095    6.080 mmmm0009
2459896.3599    9.964    0.057    5.870 mmmm0009
2459896.3614    9.969    0.029    5.400 mmmm0009
2459896.3629    9.960    0.032    5.310 mmmm0009
2459896.3973    9.960    0.031    5.460 mmmm0009
2459896.3988    9.966    0.028    4.870 mmmm0009
2459896.4002    9.974    0.081    5.250 mmmm0009
2459896.4345    9.970    0.031    6.440 mmmm0009
2459896.4359    9.980    0.037    5.880 mmmm0009
2459896.4374    9.972    0.026    5.520 mmmm0009
2459896.4708    9.975    0.085    6.590 mmmm0009
2459896.4723    9.990    0.044    7.170 mmmm0009
2459896.4737    9.966    0.100    7.050 mmmm0009
2459897.3313    9.949    0.076    7.320 mmmm0009
2459897.3327    9.947    0.029    6.380 mmmm0009
2459897.3342    9.954    0.045    5.800 mmmm0009
2459897.3691    9.958    0.024    6.320 mmmm0009
2459897.3706    9.946    0.062    5.410 mmmm0009
2459897.3721    9.952    0.054    5.610 mmmm0009
2459897.4069    9.946    0.051    4.750 mmmm0009
2459897.4084    9.973    0.043    4.720 mmmm0009
2459897.4098    9.966    0.020    4.700 mmmm0009
2459904.2844    9.944    0.066    9.620 mmmm0009
2459904.2858    9.945    0.034    8.260 mmmm0009
2459904.3202    9.948    0.017    8.030 mmmm0009
2459904.3217    9.954    0.049    7.330 mmmm0009
2459904.3232    9.959    0.029    7.620 mmmm0009
2459904.3575    9.904    0.040    9.430 mmmm0009
2459904.3590    9.940    0.050    9.560 mmmm0009
2459908.2728    9.921    0.024    8.650 mmmm0009
2459908.3077    9.938    0.020    5.600 mmmm0009
2459908.3092    9.926    0.049    5.320 mmmm0009
2459908.3107    9.931    0.063    5.370 mmmm0009
2459909.2948    9.936    0.008    7.030 mmmm0009
2459909.2963    9.929    0.074    7.540 mmmm0009
2459909.2978    9.933    0.116    7.010 mmmm0009
2459909.3318    9.946    0.061    6.420 mmmm0009
2459909.3333    9.931    0.104    6.820 mmmm0009
2459909.3348    9.931    0.020    7.020 mmmm0009
2459909.3692    9.932    0.045    5.570 mmmm0009
2459909.3707    9.950    0.028    5.600 mmmm0009
2459909.3722    9.945    0.033    5.780 mmmm0009
2459910.2526    9.930    0.040    7.520 mmmm0009
2459910.2541    9.944    0.016    6.230 mmmm0009
2459910.2894    9.942    0.034    6.210 mmmm0009
2459910.2909    9.931    0.023    5.780 mmmm0009
2459910.2924    9.941    0.007    6.610 mmmm0009
2459910.3276    9.926    0.099    6.150 mmmm0009
2459910.3306    9.939    0.042    6.380 mmmm0009
2459910.3659    9.943    0.087    6.060 mmmm0009
2459910.3674    9.939    0.018    5.320 mmmm0009
2459910.3689    9.938    0.053    5.460 mmmm0009
2459911.3328    9.922    0.120    7.050 mmmm0009
2459911.3343    9.922    0.074    6.590 mmmm0009
2459911.3358    9.931    0.064    5.850 mmmm0009
2459911.3779    9.930    0.047    5.680 mmmm0009
2459911.3793    9.923    0.048    5.780 mmmm0009
2459911.3808    9.927    0.080    6.180 mmmm0009
2459912.2944    9.885    0.107    9.380 mmmm0009
2459912.2959    9.897    0.093    8.710 mmmm0009
2459912.3298    9.916    0.026    7.350 mmmm0009
2459912.3312    9.915    0.022    7.300 mmmm0009
2459912.3327    9.907    0.034    6.290 mmmm0009
2459912.3686    9.924    0.062    7.840 mmmm0009
2459912.3701    9.894    0.030    7.400 mmmm0009
2459912.3716    9.924    0.065    6.020 mmmm0009
2459912.4058    9.894    0.064    8.110 mmmm0009
2459912.4073    9.908    0.098    7.360 mmmm0009
2459912.4087    9.914    0.018    6.180 mmmm0009
2459930.5588    9.980    0.059    5.680 mmmm0009
2459930.5603    9.988    0.013    6.260 mmmm0009
2459930.5617    9.992    0.059    5.770 mmmm0009
2459930.5951    9.992    0.035    5.480 mmmm0009
2459930.5966    9.975    0.039    6.770 mmmm0009
2459930.5981    9.988    0.016    5.410 mmmm0009
2459931.2793    9.984    0.092    7.090 mmmm0009
2459931.2808   10.002    0.092    7.050 mmmm0009
2459931.2823    9.978    0.024    7.400 mmmm0009
2459931.3157    9.975    0.050    5.470 mmmm0009
2459931.3172    9.987    0.044    4.720 mmmm0009
2459931.3187    9.984    0.034    4.610 mmmm0009
2459931.3529    9.988    0.026    5.660 mmmm0009
2459931.3544    9.984    0.048    4.530 mmmm0009
2459931.3559    9.992    0.046    4.350 mmmm0009
2459932.2495    9.993    0.042    6.440 mmmm0009
2459932.2510    9.999    0.042    5.750 mmmm0009
2459932.2525   10.006    0.081    6.120 mmmm0009
2459932.2862   10.006    0.055    5.490 mmmm0009
2459932.2876   10.005    0.018    5.240 mmmm0009
2459932.2891    9.992    0.049    5.280 mmmm0009
2459932.3227   10.003    0.021    4.640 mmmm0009
2459932.3242    9.994    0.045    5.060 mmmm0009
2459932.3262    9.990    0.063    4.490 mmmm0009
2459937.2532   10.016    0.018    5.610 mmmm0009
2459937.2546   10.003    0.035    5.290 mmmm0009
2459937.2871   10.003    0.052    5.490 mmmm0009
2459937.2886    9.990    0.043    5.610 mmmm0009
2459937.2901    9.990    0.076    5.580 mmmm0009
