2459407.0927   12.3630    0.0020
2459407.0983   12.3580    0.0020
2459407.1144   12.3390    0.0020
2459407.1214   12.2950    0.0050
2459415.0935   12.3720    0.0020
2459415.0990   12.3400    0.0020
2459415.1160   12.3730    0.0020
2459415.1259   12.3650    0.0020
2459417.0977   12.2970    0.0060
2459417.1116   12.3150    0.0240
2459417.1157   12.3070    0.0030
2459417.1218   12.3450    0.0020
2459423.0992   12.3520    0.0020
2459423.1115   12.3510    0.0020
2459423.1209   12.3470    0.0020
2459423.1273   12.4110    0.0020
2459433.1007   12.3860    0.0020
2459433.1035   12.2980    0.0020
2459433.1076   12.2960    0.0020
2459433.1090   12.3390    0.0020
2459433.1159   12.3060    0.0020
2459433.1187   12.3630    0.0020
2459433.1256   12.3810    0.0020
2459433.1261   12.3220    0.0020
2459437.1021   12.3680    0.0020
2459437.1174   12.3310    0.0020
2459437.1216   12.3610    0.0020
2459441.0501   12.3310    0.0020
2459441.0556   12.3240    0.0020
2459441.0598   12.2970    0.0020
2459441.0691   12.2940    0.0020
2459441.0696   12.3140    0.0020
2459441.0724   12.2750    0.0020
2459441.0788   12.2650    0.0020
2459441.0889   12.2940    0.0020
2459445.1023   12.3180    0.0020
2459445.1125   12.3260    0.0020
2459445.1242   12.3330    0.0020
2459445.1297   12.3320    0.0020
2459447.0956   12.3920    0.0010
2459447.1012   12.3690    0.0010
2459447.1187   12.3840    0.0010
2459447.1247   12.3820    0.0010
2459449.0414   12.2930    0.0020
2459449.0447   12.2990    0.0020
2459449.0512   12.3040    0.0020
2459449.0626   12.2990    0.0020
2459453.0828   12.3170    0.0020
2459453.0860   12.3310    0.0020
2459453.0983   12.3290    0.0020
2459453.1047   12.3090    0.0020
2459455.0922   12.4040    0.0020
2459455.0992   12.3040    0.0010
2459455.1117   12.3220    0.0020
2459455.1122   12.3020    0.0010
2459455.1224   12.2930    0.0010
2459455.1308   12.3040    0.0010
2459457.0664   12.3060    0.0020
2459457.0705   12.2970    0.0020
2459457.0765   12.3160    0.0020
2459457.0871   12.3130    0.0020
2459459.0870   12.3050    0.0030
2459459.1022   12.3210    0.0240
2459459.1059   12.3780    0.0100
2459459.1197   12.2740    0.0040
2459463.0485   12.3330    0.0010
2459463.0539   12.3180    0.0010
2459463.0572   12.3380    0.0010
2459463.0674   12.3250    0.0010
2459467.0815   12.3220    0.0020
2459467.0843   12.3310    0.0010
2459467.0889   12.3200    0.0010
2459467.1116   12.3200    0.0010
2459467.1396   12.3540    0.0020
2459471.0263   12.2750    0.0010
2459471.0281   12.2530    0.0020
2459471.0323   12.2620    0.0010
2459471.0373   12.2820    0.0010
2459479.0125   12.2940    0.0020
2459479.0143   12.3090    0.0020
2459479.0180   12.3000    0.0020
2459479.0235   12.3060    0.0020
2459483.0845   12.3080    0.0020
2459483.1173   12.3230    0.0020
2459483.1202   12.3080    0.0020
2459483.1354   12.3180    0.0020
2459484.9862   12.3190    0.0020
2459484.9908   12.3180    0.0020
2459485.0005   12.3060    0.0020
2459485.0069   12.3150    0.0020
2459487.0255   12.2910    0.0010
2459487.0278   12.2950    0.0020
2459487.0306   12.2990    0.0020
2459487.0361   12.2930    0.0010
2459487.1426   12.3010    0.0020
2459489.1067   12.3470    0.0020
2459489.1260   12.3540    0.0020
2459489.1370   12.3560    0.0020
2459489.1449   12.3630    0.0020
2459490.9760   12.3140    0.0020
2459490.9801   12.2970    0.0010
2459490.9853   12.2890    0.0020
2459491.0122   12.3120    0.0010
2459493.0167   12.3170    0.0020
2459493.0185   12.3100    0.0020
2459493.0213   12.3010    0.0020
2459493.0281   12.3120    0.0020
2459493.1210   12.3090    0.0020
2459493.1215   12.3220    0.0020
2459493.1219   12.3090    0.0020
2459493.1224   12.3300    0.0020
2459493.1228   12.3200    0.0020
2459493.1460   12.3180    0.0020
2459494.9755   12.3040    0.0010
2459494.9820   12.3030    0.0010
2459494.9848   12.3040    0.0010
2459494.9946   12.3120    0.0010
2459498.9970   12.2910    0.0010
2459498.9989   12.2800    0.0010
2459499.0021   12.2750    0.0010
2459499.0159   12.2810    0.0010
2459500.9961   12.3280    0.0020
2459500.9989   12.3160    0.0020
2459501.0017   12.7160    0.0020
2459501.0076   12.3020    0.0020
2459502.9601   12.3340    0.0020
2459502.9638   12.3100    0.0020
2459502.9735   12.3170    0.0020
2459502.9837   12.3150    0.0020
2459504.9182   12.3320    0.0020
2459504.9237   12.3280    0.0020
2459504.9366   12.3340    0.0020
2459504.9386   12.3340    0.0020
2459507.0020   12.2850    0.0020
2459507.0047   12.2950    0.0020
2459507.0113   12.2920    0.0020
2459507.0467   12.3200    0.0020
2459509.0358   12.3260    0.0020
2459509.0390   12.3400    0.0020
2459509.0449   12.3380    0.0020
2459509.0803   12.3260    0.0020
2459514.9623   12.2890    0.0020
2459514.9641   12.2830    0.0020
2459514.9669   12.2910    0.0020
2459514.9720   12.2780    0.0020
2459516.9480   12.3490    0.0020
2459516.9512   12.3390    0.0020
2459516.9567   12.3410    0.0020
2459516.9622   12.3380    0.0030
2459518.9215   12.3120    0.0020
2459518.9243   12.3170    0.0010
2459518.9487   12.3210    0.0020
2459518.9552   12.3120    0.0020
2459522.9586   12.2730    0.0010
2459522.9618   12.2810    0.0020
2459522.9674   12.3160    0.0050
2459523.0029   12.2860    0.0010
2459523.0075   12.2990    0.0010
2459523.0107   12.3130    0.0010
2459523.0181   12.3060    0.0010
2459523.0531   12.3230    0.0020
2459526.8964   12.2750    0.0020
2459526.8997   12.2890    0.0020
2459526.9024   12.2780    0.0020
2459526.9167   12.2610    0.0020
2459526.9224   12.2840    0.0010
2459526.9256   12.2880    0.0020
2459526.9284   12.3030    0.0020
2459526.9334   12.3070    0.0010
2459528.8461   12.3000    0.0040
2459530.9467   12.3700    0.0020
2459530.9541   12.2960    0.0020
2459530.9568   12.3790    0.0010
2459530.9573   12.2940    0.0010
2459530.9628   12.2990    0.0020
2459530.9744   12.3100    0.0020
2459534.8829   12.2460    0.0020
2459534.8889   12.2350    0.0020
2459534.8894   12.2630    0.0020
2459534.8912   12.2460    0.0020
2459534.9051   12.2630    0.0020
2459534.9111   12.3030    0.0020
2459540.9990   12.3430    0.0020
2459541.0022   12.3370    0.0020
2459541.0082   12.3430    0.0020
2459541.0233   12.3540    0.0020
2459542.8795   12.2600    0.0020
2459542.8813   12.2720    0.0020
2459542.8841   12.2700    0.0020
2459542.9195   12.2900    0.0020
2459544.8842   12.3210    0.0020
2459544.8861   12.3320    0.0020
2459544.8897   12.3180    0.0020
2459544.8989   12.3220    0.0020
2459546.9181   12.3000    0.0010
2459546.9214   12.3010    0.0010
2459546.9297   12.3060    0.0010
2459546.9403   12.3090    0.0010
2459550.9270   12.2830    0.0010
2459550.9302   12.2780    0.0010
2459550.9372   12.2920    0.0010
2459550.9491   12.2980    0.0010
2459558.8768   12.2770    0.0020
2459558.9110   12.2850    0.0020
2459558.9143   12.2780    0.0010
2459558.9194   12.2880    0.0020
2459562.8928   12.3270    0.0020
2459562.8965   12.3010    0.0020
2459562.9034   12.3180    0.0020
2459562.9145   12.3040    0.0020
2459569.9926   12.2740    0.0030
2459569.9963   12.2540    0.0020
2459570.0060   12.2870    0.0030
2459570.0175   12.2980    0.0030
2459573.8383   12.2200    0.0020
2459573.8415   12.2160    0.0020
2459573.8525   12.2130    0.0020
2459573.8642   12.2150    0.0020
2459574.8513   12.2220    0.0020
2459574.8545   12.2220    0.0020
2459574.8600   12.2060    0.0020
2459574.8737   12.2180    0.0020
2459588.8754   12.3230    0.0020
2459588.8790   12.3400    0.0020
2459588.8845   12.3350    0.0020
2459588.8965   12.3250    0.0020
2459590.8093   12.3140    0.0020
2459590.8125   12.3160    0.0020
2459590.8190   12.3150    0.0020
2459590.8300   12.3200    0.0020
2459597.8081   12.3000    0.0020
2459597.8306   12.2910    0.0020
2459597.8334   12.3050    0.0020
2459597.8391   12.3020    0.0020
2459598.8015   12.3130    0.0020
2459598.8047   12.3050    0.0020
2459598.8112   12.3130    0.0020
2459598.8213   12.3090    0.0020
2459602.8480   12.2740    0.0010
2459602.8512   12.2770    0.0010
2459602.8568   12.2790    0.0020
2459602.8693   12.2630    0.0010
2459604.8504   12.3460    0.0020
2459605.8317   12.3540    0.0020
2459605.8358   12.3400    0.0020
2459605.8418   12.3410    0.0020
2459605.8519   12.3780    0.0020
2459606.7790   12.3220    0.0020
2459606.7822   12.3130    0.0010
2459606.7906   12.3090    0.0010
2459606.8013   12.3270    0.0010
2459607.7793   12.3180    0.0020
2459607.7821   12.3220    0.0020
2459607.7872   12.2940    0.0010
2459607.7992   12.3220    0.0020
2459608.7690   12.3140    0.0020
2459608.7722   12.3210    0.0020
2459608.7777   12.3210    0.0020
2459608.7906   12.3240    0.0020
2459609.7672   12.3220    0.0020
2459609.7705   12.3120    0.0020
2459609.7760   12.2970    0.0020
2459609.7906   12.3030    0.0020
2459609.8162   12.2790    0.0010
2459609.8203   12.2880    0.0010
2459609.8258   12.2820    0.0010
2459609.8383   12.2860    0.0010
2459610.8178   12.2780    0.0010
2459610.8234   12.2760    0.0010
2459610.8317   12.2740    0.0010
2459610.8349   12.2900    0.0020
2459612.7658   12.3040    0.0020
2459612.7690   12.3190    0.0020
2459612.7796   12.3880    0.0020
2459612.7953   12.3030    0.0020
2459612.7958   12.4020    0.0020
2459613.7519   12.3040    0.0020
2459613.7560   12.3090    0.0020
2459613.7611   12.2950    0.0010
2459613.7731   12.3130    0.0020
2459615.7626   12.2840    0.0010
2459615.7659   12.2860    0.0010
2459615.7728   12.2820    0.0010
2459615.7889   12.2310    0.0020
2459616.7507   12.2830    0.0010
2459616.7535   12.2800    0.0010
2459616.7595   12.2790    0.0010
2459616.7780   12.2830    0.0010
2459617.7517   12.3310    0.0020
2459617.7549   12.3040    0.0020
2459617.7653   12.3120    0.0020
2459617.7717   12.3090    0.0020
2459617.7726   12.3800    0.0020
2459617.8289   12.2970    0.0020
2459617.8335   12.2840    0.0020
2459617.8446   12.2790    0.0020
2459617.8505   12.2790    0.0020
2459618.7913   12.2990    0.0020
2459618.7977   12.2900    0.0020
2459618.8019   12.2870    0.0020
2459618.8133   12.2990    0.0020
2459621.7466   12.3330    0.0020
2459621.7499   12.3370    0.0020
2459621.7554   12.3340    0.0020
2459621.7665   12.3400    0.0020
2459621.8026   12.3310    0.0020
2459621.8077   12.3300    0.0020
2459621.8114   12.3230    0.0020
2459621.8218   12.3280    0.0020
2459622.7686   12.3260    0.0020
2459622.7718   12.3110    0.0020
2459622.7794   12.3160    0.0020
2459622.7918   12.3160    0.0020
2459623.7523   12.3100    0.0020
2459623.7559   12.2900    0.0020
2459623.7616   12.3060    0.0020
2459623.7638   12.3140    0.0020
2459623.7721   12.3090    0.0020
2459623.7789   12.3150    0.0020
2459623.7826   12.3130    0.0020
2459623.7890   12.3220    0.0020
2459624.7908   12.2810    0.0020
2459624.7940   12.2830    0.0020
2459624.8007   12.2670    0.0020
2459624.8127   12.2850    0.0020
2459625.7890   12.2910    0.0020
2459625.7945   12.2910    0.0020
2459625.8075   12.2900    0.0020
2459625.8812   12.2850    0.0020
2459625.8849   12.2920    0.0020
2459625.8904   12.2800    0.0020
2459625.9015   12.2770    0.0020
2459626.8297   12.3310    0.0020
2459626.8338   12.3190    0.0020
2459626.8439   12.3200    0.0020
2459626.8503   12.3530    0.0020
2459627.7931   12.3530    0.0020
2459627.8023   12.3700    0.0020
2459627.8064   12.3500    0.0020
2459627.8096   12.3500    0.0020
2459627.8124   12.3790    0.0020
2459627.8156   12.3230    0.0020
2459627.8201   12.3070    0.0020
2459627.8233   12.3110    0.0020
2459627.8266   12.3480    0.0020
2459627.8334   12.3120    0.0020
2459627.8394   12.2980    0.0020
2459629.7587   12.2950    0.0020
2459629.7620   12.3070    0.0020
2459629.7675   12.2860    0.0020
2459629.7781   12.2860    0.0020
2459630.7375   12.3430    0.0020
2459630.7842   12.3580    0.0020
2459631.7346   12.3490    0.0020
2459631.7439   12.3650    0.0020
2459631.7471   12.3050    0.0020
2459631.7503   12.3190    0.0020
2459631.7568   12.3750    0.0020
2459631.7577   12.3320    0.0020
2459631.7707   12.3270    0.0020
2459632.7875   12.2720    0.0020
2459632.7907   12.2600    0.0010
2459632.7962   12.2870    0.0020
2459632.8137   12.2840    0.0010
2459633.7950   12.2820    0.0020
2459633.8023   12.2850    0.0020
2459633.8092   12.2840    0.0020
2459633.8229   12.2930    0.0020
2459635.7668   12.3100    0.0020
2459635.7722   12.3210    0.0020
2459635.7823   12.3170    0.0020
2459635.7868   12.3240    0.0020
2459637.7266   12.3280    0.0020
2459637.7302   12.3140    0.0020
2459637.7371   12.3450    0.0020
2459637.7471   12.3220    0.0020
2459640.7675   12.3060    0.0020
2459640.7711   12.2950    0.0020
2459640.7812   12.3010    0.0020
2459640.7876   12.2990    0.0020
2459643.7261   12.3280    0.0020
2459643.7293   12.3070    0.0020
2459643.7384   12.3160    0.0020
2459643.7531   12.3090    0.0020
2459644.7218   12.3270    0.0020
2459644.7278   12.3040    0.0020
2459644.7368   12.2960    0.0020
2459644.7439   12.3050    0.0020
2459645.7306   12.4260    0.0170
2459649.8006   12.3450    0.0020
2459651.7524   12.2570    0.0020
2459651.7561   12.2320    0.0020
2459651.7638   12.2080    0.0020
2459651.7766   12.2050    0.0020
2459657.7562   12.3290    0.0020
2459657.7631   12.3260    0.0020
2459657.7668   12.3130    0.0020
2459657.7782   12.3100    0.0020
2459658.7550   12.3910    0.0020
2459658.7583   12.3300    0.0020
2459658.7642   12.3780    0.0020
2459658.7762   12.2880    0.0020
2459659.7563   12.4390    0.0020
2459659.7655   12.2690    0.0020
2459665.7396   12.3420    0.0020
2459665.7432   12.3420    0.0020
2459665.7492   12.3340    0.0020
2459665.7601   12.3370    0.0020
2459766.0820   12.2120    0.0020
2459766.0852   12.1880    0.0020
2459766.0952   12.2150    0.0010
2459766.1103   12.2000    0.0020
2459774.0875   12.1900    0.0020
2459774.1058   12.2010    0.0020
2459774.1163   12.2200    0.0020
2459774.1219   12.2240    0.0030
2459790.0455   12.1460    0.0010
2459790.0585   12.1370    0.0010
2459790.0622   12.1280    0.0010
2459790.0663   12.1230    0.0010
2459798.0997   12.1080    0.0010
2459798.1185   12.1000    0.0010
2459798.1262   12.1210    0.0020
2459798.1298   12.1160    0.0020
2459802.0887   12.0360    0.0010
2459802.1007   12.0530    0.0010
2459802.1103   12.0500    0.0010
2459802.1170   12.0440    0.0010
2459806.0328   12.0730    0.0010
2459806.0365   12.0900    0.0010
2459806.0419   12.0690    0.0010
2459806.0531   12.0710    0.0010
2459808.0735   12.0790    0.0010
2459808.0771   12.0890    0.0010
2459808.0826   12.0830    0.0010
2459808.1005   12.0730    0.0010
2459808.1339   12.0780    0.0020
2459810.0333   12.0840    0.0010
2459810.0506   12.0700    0.0010
2459810.0524   12.0880    0.0010
2459810.0552   12.0750    0.0010
2459810.0678   12.0500    0.0010
2459810.0701   12.0720    0.0010
2459810.0802   12.0540    0.0010
2459810.0880   12.0500    0.0010
2459812.1117   12.0810    0.0010
2459812.1159   12.0780    0.0010
2459812.1210   12.0950    0.0010
2459812.1270   12.0710    0.0010
2459818.0829   12.0190    0.0010
2459818.0861   12.0210    0.0010
2459818.1034   12.0180    0.0010
2459818.1179   12.0200    0.0010
