2458335.951070  13.747000  0.020000  
2458335.952280  13.782000  0.022000  
2458335.953500  13.767000  0.021000  
2458337.953520  13.816000  0.018000  
2458337.954730  13.779000  0.017000  
2458337.955950  13.820000  0.018000  
2458362.910960  13.794000  0.022000  
2458362.912170  13.721000  0.022000  
2458362.913400  13.707000  0.024000  
2458371.910970  13.745000  0.017000  
2458371.912190  13.726000  0.016000  
2458371.913410  13.737000  0.017000  
2458384.796600  13.736000  0.024000  
2458384.797810  13.756000  0.025000  
2458384.799040  13.784000  0.025000  
2458385.988620  13.763000  0.022000  
2458385.989840  13.779000  0.023000  
2458385.991070  13.749000  0.022000  
2458391.883390  13.786000  0.025000  
2458391.885830  13.750000  0.023000  
2458402.799750  13.796000  0.017000  
2458402.800980  13.805000  0.016000  
2458402.802200  13.769000  0.016000  
2458418.917510  13.795000  0.029000  
2458418.918740  13.940000  0.090000  
2458419.953610  13.847000  0.049000  
2458419.954820  13.796000  0.036000  
2458419.956040  13.782000  0.024000  
2458420.898970  13.766000  0.022000  
2458420.900180  13.783000  0.022000  
2458420.901410  13.765000  0.022000  
2458421.705810  14.116000  0.149000  
2458433.869210  13.795000  0.019000  
2458433.870430  13.756000  0.018000  
2458433.871660  13.775000  0.018000  
2458444.691090  13.725000  0.033000  
2458444.692320  13.774000  0.035000  
2458444.693530  13.714000  0.029000  
2458448.797190  13.791000  0.024000  
2458448.798400  13.746000  0.022000  
2458448.799630  13.792000  0.023000  
2458449.835190  13.759000  0.020000  
2458449.836400  13.788000  0.023000  
2458449.837620  13.772000  0.019000  
2458450.850510  13.773000  0.020000  
2458450.851730  13.772000  0.020000  
2458450.852960  13.785000  0.020000  
2458452.921210  13.833000  0.014000  
2458452.922490  13.821000  0.014000  
2458452.923750  13.816000  0.015000  
2458453.926190  13.825000  0.014000  
2458453.927470  13.887000  0.014000  
2458453.928740  13.813000  0.013000  
2458455.902370  13.839000  0.014000  
2458455.903650  13.845000  0.013000  
2458455.904910  13.803000  0.014000  
2458456.941610  13.805000  0.013000  
2458456.942880  13.836000  0.014000  
2458456.944150  13.809000  0.013000  
2458457.956230  13.803000  0.014000  
2458457.957500  13.812000  0.014000  
2458457.958780  13.806000  0.014000  
2458458.964580  13.735000  0.013000  
2458458.965870  13.761000  0.013000  
2458458.967140  13.772000  0.014000  
2458459.941610  13.719000  0.014000  
2458459.942890  13.789000  0.013000  
2458459.944150  13.793000  0.013000  
2458460.957120  13.811000  0.015000  
2458460.958400  13.757000  0.014000  
2458460.959670  13.765000  0.014000  
2458462.934680  13.799000  0.014000  
2458462.935950  13.808000  0.014000  
2458462.937220  13.770000  0.014000  
2458464.961850  13.759000  0.014000  
2458464.963120  13.810000  0.014000  
2458464.964400  13.777000  0.014000  
2458465.958470  13.786000  0.014000  
2458465.959750  13.758000  0.015000  
2458465.961020  13.782000  0.014000  
2458467.772020  13.767000  0.018000  
2458472.867100  13.798000  0.028000  
2458472.868380  13.828000  0.025000  
2458472.869650  13.717000  0.026000  
2458473.871190  13.743000  0.029000  
2458473.872470  13.765000  0.034000  
2458473.873740  13.861000  0.036000  
2458485.894370  13.760000  0.013000  
2458485.895640  13.756000  0.014000  
2458485.896920  13.773000  0.014000  
2458486.904390  13.810000  0.014000  
2458486.905660  13.721000  0.013000  
2458486.906940  13.821000  0.015000  
2458487.732700  13.756000  0.015000  
2458487.733920  13.786000  0.016000  
2458487.735150  13.747000  0.016000  
2458488.716860  13.736000  0.016000  
2458488.718090  13.739000  0.016000  
2458488.719310  13.745000  0.016000  
2458492.884650  13.802000  0.014000  
2458492.885920  13.816000  0.014000  
2458492.887200  13.798000  0.014000  
2458494.873570  13.772000  0.013000  
2458494.874850  13.735000  0.014000  
2458494.876120  13.728000  0.013000  
2458497.767500  13.789000  0.015000  
2458497.768780  13.760000  0.015000  
2458497.770050  13.763000  0.015000  
2458503.850670  13.817000  0.034000  
2458503.851950  13.730000  0.028000  
2458503.853230  13.779000  0.032000  
2458504.799350  13.771000  0.049000  
2458507.852070  13.799000  0.019000  
2458507.853340  13.747000  0.018000  
2458508.829360  13.723000  0.014000  
2458508.830630  13.755000  0.013000  
2458508.831910  13.818000  0.014000  
2458536.686520  13.750000  0.024000  
2458536.687740  13.746000  0.025000  
2458536.688950  13.762000  0.024000  
2458545.682630  13.736000  0.047000  
2458545.683850  13.709000  0.055000  
2458545.685060  13.816000  0.084000  
2458549.673120  13.725000  0.018000  
2458549.674340  13.729000  0.019000  
2458557.646720  13.892000  0.056000  
2458557.647930  13.692000  0.043000  
2458557.649130  13.730000  0.054000  
2458558.643230  13.803000  0.026000  
2458558.644460  13.795000  0.026000  
2458558.645690  13.848000  0.030000  
2458561.629460  13.787000  0.034000  
2458561.630680  13.785000  0.031000  
2458561.631890  13.722000  0.030000  
2458562.636560  13.643000  0.030000  
2458562.637780  13.682000  0.035000  
2458566.616870  13.786000  0.018000  
2458566.618100  13.799000  0.018000  
2458566.619310  13.786000  0.018000  
2458569.610510  13.744000  0.028000  
2458569.611740  13.676000  0.036000  
2458569.612950  13.685000  0.044000  
2458570.597490  13.798000  0.062000  
2458570.598720  13.810000  0.067000  
2458570.599950  13.758000  0.057000  
2458571.587600  13.749000  0.023000  
2458571.588830  13.766000  0.023000  
2458571.590040  13.737000  0.021000  
2458572.601320  13.788000  0.020000  
2458572.602540  13.791000  0.019000  
2458572.603770  13.782000  0.019000  
2458577.595240  13.706000  0.021000  
2458578.590690  13.788000  0.026000  
2458578.591910  13.741000  0.024000  
2458578.593130  13.744000  0.023000  
2458679.099210  13.775000  0.015000  
2458679.100480  13.819000  0.015000  
2458679.101750  13.818000  0.015000  
2458697.936920  13.755000  0.019000  
2458697.938130  13.789000  0.020000  
2458697.939350  13.772000  0.019000  
2458700.961170  13.803000  0.022000  
2458700.962370  13.798000  0.023000  
2458704.076440  13.816000  0.014000  
2458704.077720  13.810000  0.014000  
2458704.078990  13.791000  0.014000  
2458705.060340  13.838000  0.016000  
2458705.061600  13.845000  0.015000  
2458705.062870  13.840000  0.015000  
2458706.060120  13.819000  0.015000  
2458706.061390  13.846000  0.015000  
2458706.062670  13.867000  0.015000  
2458707.052070  13.924000  0.024000  
2458707.053330  13.816000  0.015000  
2458707.054610  13.790000  0.016000  
2458714.089180  13.832000  0.022000  
2458722.001770  13.783000  0.044000  
2458724.042310  13.778000  0.013000  
2458724.929740  13.769000  0.027000  
2458724.930960  13.785000  0.048000  
2458724.932170  13.764000  0.024000  
2458726.028340  13.823000  0.099000  
2458726.029630  13.812000  0.096000  
2458726.030910  13.732000  0.093000  
2458727.070970  13.833000  0.013000  
2458727.072250  13.834000  0.013000  
2458727.073540  13.761000  0.013000  
2458755.912790  13.806000  0.014000  
2458755.914070  13.805000  0.014000  
2458761.129180  13.774000  0.013000  
2458761.130460  13.795000  0.014000  
2458761.131750  13.796000  0.013000  
2458761.995900  13.811000  0.013000  
2458761.997180  13.827000  0.014000  
2458761.998470  13.799000  0.013000  
2458762.987600  13.798000  0.013000  
2458762.988890  13.813000  0.013000  
2458762.990180  13.839000  0.014000  
2458764.006680  13.827000  0.014000  
2458764.007980  13.806000  0.014000  
2458764.009260  13.859000  0.015000  
2458765.893470  13.820000  0.025000  
2458766.026300  13.872000  0.015000  
2458766.027580  13.767000  0.014000  
2458766.028870  13.814000  0.015000  
2458769.878660  13.704000  0.027000  
2458769.879870  13.790000  0.029000  
2458769.881090  13.744000  0.030000  
2458771.821010  13.734000  0.036000  
2458771.822220  13.903000  0.048000  
2458771.823420  13.786000  0.038000  
2458776.110180  13.779000  0.020000  
2458776.111460  13.808000  0.021000  
2458776.112750  13.765000  0.023000  
2458778.079190  13.796000  0.016000  
2458778.080480  13.822000  0.016000  
2458778.081760  13.816000  0.016000  
2458779.923630  13.846000  0.014000  
2458779.924930  13.834000  0.013000  
2458779.926210  13.842000  0.014000  
2458780.915460  13.842000  0.014000  
2458780.916760  13.825000  0.014000  
2458780.918040  13.841000  0.014000  
2458782.932840  13.709000  0.064000  
2458782.934130  13.680000  0.060000  
2458782.935410  13.934000  0.061000  
2458783.782740  13.757000  0.016000  
2458783.783960  13.751000  0.016000  
2458783.785180  13.762000  0.016000  
2458785.868590  13.775000  0.019000  
2458785.869810  13.747000  0.019000  
2458785.871030  13.747000  0.026000  
2458786.890400  13.792000  0.016000  
2458786.891620  13.785000  0.016000  
2458786.892840  13.768000  0.016000  
2458790.021710  13.764000  0.014000  
2458790.023000  13.816000  0.013000  
2458790.024310  13.733000  0.014000  
2458790.809700  13.798000  0.016000  
2458790.810990  13.782000  0.015000  
2458790.812280  13.818000  0.016000  
2458791.891810  13.799000  0.014000  
2458791.893100  13.815000  0.015000  
2458791.894390  13.763000  0.015000  
2458793.890780  13.818000  0.034000  
2458793.891990  13.822000  0.032000  
2458793.893220  13.778000  0.026000  
2458794.816110  13.847000  0.021000  
2458794.817400  13.862000  0.022000  
2458794.818690  13.843000  0.021000  
2458795.054300  13.850000  0.014000  
2458795.055590  13.799000  0.014000  
2458795.056890  13.775000  0.015000  
2458795.960790  13.819000  0.028000  
2458795.962080  13.781000  0.025000  
2458795.963380  13.815000  0.021000  
2458798.008060  13.798000  0.024000  
2458798.009350  13.802000  0.026000  
2458798.010640  13.807000  0.024000  
2458802.644850  13.845000  0.033000  
2458802.759220  13.806000  0.027000  
2458802.760440  13.782000  0.026000  
2458802.761660  13.814000  0.027000  
2458803.819650  13.816000  0.029000  
2458803.820870  13.783000  0.029000  
2458803.822090  13.810000  0.027000  
2458805.924710  13.794000  0.021000  
2458805.925930  13.808000  0.020000  
2458805.927150  13.768000  0.026000  
2458806.875490  13.794000  0.018000  
2458806.876700  13.771000  0.018000  
2458806.877920  13.765000  0.018000  
2458810.731160  13.801000  0.016000  
2458810.732370  13.802000  0.016000  
2458810.733590  13.789000  0.016000  
2458811.855760  13.768000  0.016000  
2458811.856980  13.759000  0.016000  
2458811.858200  13.748000  0.016000  
2458812.594790  13.812000  0.018000  
2458812.596010  13.742000  0.018000  
2458812.597220  13.756000  0.017000  
2458812.807230  13.881000  0.017000  
2458812.808450  13.766000  0.016000  
2458812.809660  13.788000  0.017000  
2458813.958690  13.748000  0.013000  
2458813.959970  13.779000  0.014000  
2458813.961250  13.776000  0.013000  
2458814.625520  13.751000  0.020000  
2458814.626750  13.781000  0.022000  
2458814.627970  13.787000  0.025000  
2458818.935500  13.745000  0.045000  
2458818.936760  13.808000  0.031000  
2458818.938040  13.821000  0.036000  
2458820.806830  13.802000  0.015000  
2458820.808130  13.831000  0.015000  
2458820.809410  13.787000  0.016000  
2458821.792190  13.822000  0.016000  
2458821.793460  13.834000  0.015000  
2458821.794740  13.827000  0.015000  
2458824.819070  13.819000  0.020000  
2458824.820350  13.825000  0.019000  
2458824.821640  13.872000  0.019000  
2458825.815350  13.820000  0.021000  
2458825.816620  13.874000  0.020000  
2458825.817910  13.777000  0.019000  
2458826.756390  13.870000  0.027000  
2458826.910450  13.851000  0.026000  
2458826.911730  13.801000  0.023000  
2458826.913000  13.773000  0.022000  
2458831.859710  13.806000  0.026000  
2458831.860940  13.866000  0.029000  
2458831.862160  13.848000  0.029000  
2458833.726950  13.756000  0.019000  
2458833.762360  13.771000  0.018000  
2458833.763590  13.791000  0.020000  
2458833.897740  13.747000  0.025000  
2458833.898970  13.763000  0.023000  
2458833.900190  13.733000  0.024000  
2458835.850630  13.800000  0.019000  
2458836.883770  13.831000  0.019000  
2458836.885000  13.774000  0.018000  
2458836.886220  13.783000  0.021000  
2458836.967650  13.794000  0.014000  
2458837.728010  13.858000  0.084000  
2458837.729240  13.871000  0.063000  
2458837.730460  13.764000  0.046000  
2458837.814220  13.835000  0.013000  
2458837.815490  13.826000  0.013000  
2458837.816770  13.849000  0.013000  
2458839.872160  13.678000  0.039000  
2458839.873440  13.812000  0.035000  
2458839.874730  13.791000  0.031000  
2458841.844040  13.787000  0.013000  
2458842.787460  13.756000  0.016000  
2458842.789900  13.749000  0.016000  
2458844.773130  13.748000  0.016000  
2458844.774350  13.736000  0.016000  
2458844.775570  13.750000  0.016000  
2458845.833730  13.882000  0.078000  
2458845.836170  13.754000  0.086000  
2458848.803520  13.781000  0.015000  
2458848.804830  13.801000  0.014000  
2458848.806110  13.768000  0.015000  
2458853.837520  13.828000  0.022000  
2458853.838750  13.826000  0.023000  
2458853.839970  13.788000  0.021000  
2458854.735500  13.778000  0.022000  
2458854.736710  13.782000  0.023000  
2458854.737920  13.780000  0.022000  
2458855.754880  13.806000  0.027000  
2458855.756100  13.829000  0.024000  
2458855.757320  13.760000  0.027000  
2458867.798950  13.778000  0.017000  
2458867.800170  13.773000  0.017000  
2458867.801390  13.759000  0.017000  
2458871.775330  13.921000  0.078000  
2458871.776550  13.853000  0.044000  
2458871.777780  13.762000  0.029000  
2458872.734740  13.775000  0.016000  
2458872.735950  13.751000  0.016000  
2458872.737170  13.734000  0.016000  
2458873.734990  13.732000  0.016000  
2458873.736210  13.782000  0.021000  
2458873.737430  13.762000  0.018000  
2458874.727550  13.762000  0.016000  
2458874.728770  13.771000  0.016000  
2458874.730010  13.755000  0.016000  
2458877.717570  13.801000  0.017000  
2458877.718790  13.768000  0.016000  
2458877.720010  13.805000  0.017000  
2458879.644240  13.774000  0.016000  
2458879.645450  13.772000  0.016000  
2458879.646660  13.780000  0.017000  
2458880.618860  13.756000  0.017000  
2458880.620080  13.804000  0.017000  
2458880.621300  13.796000  0.017000  
2458881.611470  13.792000  0.025000  
2458881.612690  13.725000  0.026000  
2458881.613910  13.808000  0.027000  
2458882.593230  13.809000  0.021000  
2458882.594460  13.842000  0.021000  
2458882.595680  13.826000  0.019000  
2458887.681470  13.765000  0.028000  
2458887.682700  13.750000  0.030000  
2458887.683920  13.755000  0.030000  
2458888.744620  13.766000  0.039000  
2458888.745850  13.772000  0.041000  
2458888.747060  13.748000  0.039000  
2458905.754300  13.810000  0.014000  
2458905.755580  13.809000  0.014000  
2458905.756860  13.806000  0.014000  
2458906.732980  13.797000  0.015000  
2458906.734260  13.795000  0.014000  
2458906.735530  13.809000  0.014000  
2458914.730000  13.791000  0.023000  
2458914.731270  13.816000  0.021000  
2458914.732550  13.801000  0.022000  
2458923.656270  13.817000  0.020000  
2458923.657490  13.776000  0.018000  
2458923.658710  13.746000  0.018000  
2458932.607140  13.831000  0.043000  
2458933.621270  13.759000  0.018000  
2458933.622500  13.784000  0.019000  
2458933.623730  13.794000  0.018000  
2459039.111190  13.793000  0.029000  
2459039.112500  13.778000  0.025000  
2459039.113820  13.818000  0.029000  
2459042.103030  13.793000  0.020000  
2459042.104350  13.763000  0.020000  
2459042.105670  13.766000  0.019000  
2459048.082540  13.807000  0.016000  
2459048.083850  13.815000  0.016000  
2459048.085150  13.808000  0.015000  
2459054.085560  13.801000  0.014000  
2459054.086870  13.837000  0.015000  
2459054.088140  13.765000  0.014000  
2459059.068270  13.835000  0.014000  
2459059.069550  13.818000  0.015000  
2459059.070820  13.823000  0.014000  
2459061.057380  13.751000  0.014000  
2459061.058660  13.829000  0.014000  
2459061.059960  13.730000  0.013000  
2459063.058520  13.764000  0.023000  
2459063.059810  13.795000  0.022000  
2459063.061150  13.764000  0.024000  
2459070.047770  13.807000  0.021000  
2459070.049020  13.818000  0.023000  
2459070.050270  13.853000  0.022000  
2459071.899880  13.693000  0.025000  
2459071.901100  13.727000  0.025000  
2459071.902320  13.800000  0.027000  
2459073.899160  13.789000  0.023000  
2459073.900380  13.795000  0.022000  
2459073.901600  13.777000  0.020000  
2459078.110500  13.796000  0.014000  
2459078.111760  13.788000  0.013000  
2459078.113010  13.834000  0.014000  
2459080.996230  13.782000  0.014000  
2459080.997480  13.807000  0.014000  
2459080.998730  13.797000  0.014000  
2459083.994650  13.799000  0.014000  
2459083.995910  13.834000  0.014000  
2459083.997150  13.776000  0.013000  
2459086.110250  13.777000  0.014000  
2459086.111480  13.784000  0.014000  
2459086.112720  13.775000  0.014000  
2459087.988010  13.816000  0.014000  
2459087.989260  13.653000  0.013000  
2459087.990500  13.818000  0.014000  
2459089.991580  13.846000  0.018000  
2459089.992830  13.810000  0.015000  
2459089.994060  13.826000  0.016000  
2459091.973750  13.804000  0.029000  
2459091.974990  13.781000  0.027000  
2459091.976230  13.810000  0.026000  
2459093.049370  13.756000  0.021000  
2459093.050610  13.747000  0.020000  
2459093.051870  13.776000  0.021000  
2459095.846360  13.807000  0.035000  
2459095.847580  13.730000  0.032000  
2459095.848800  13.744000  0.031000  
2459096.827230  13.745000  0.032000  
2459096.828460  13.843000  0.033000  
2459096.829690  13.776000  0.032000  
2459097.829330  13.755000  0.029000  
2459097.830540  13.798000  0.030000  
2459097.831760  13.815000  0.029000  
2459103.939930  13.827000  0.015000  
2459103.941180  13.796000  0.015000  
2459103.942410  13.783000  0.014000  
2459106.011770  13.846000  0.013000  
2459106.013010  13.819000  0.014000  
2459106.014250  13.825000  0.014000  
2459109.037320  13.792000  0.013000  
2459109.038560  13.744000  0.013000  
2459109.039800  13.754000  0.013000  
2459113.021130  13.785000  0.018000  
2459113.022380  13.830000  0.016000  
2459113.023620  13.810000  0.013000  
2459117.903110  13.829000  0.020000  
2459117.904360  13.808000  0.020000  
2459117.905600  13.802000  0.018000  
2459120.948140  13.834000  0.021000  
2459120.949390  13.766000  0.021000  
2459120.950630  13.809000  0.023000  
2459122.756690  13.786000  0.032000  
2459122.757910  13.796000  0.029000  
2459122.759140  13.795000  0.031000  
2459124.884450  13.735000  0.031000  
2459124.885670  13.864000  0.033000  
2459124.886880  13.719000  0.030000  
2459126.751780  13.749000  0.041000  
2459126.752990  13.707000  0.040000  
2459126.754210  13.792000  0.044000  
2459127.983280  13.871000  0.042000  
2459127.984490  13.763000  0.037000  
2459127.985700  13.846000  0.032000  
2459131.014790  13.808000  0.017000  
2459131.016030  13.757000  0.018000  
2459131.017270  13.796000  0.017000  
2459133.040240  13.813000  0.015000  
2459133.041480  13.833000  0.015000  
2459133.042720  13.816000  0.015000  
2459135.035410  13.829000  0.013000  
2459135.036650  13.829000  0.014000  
2459135.037890  13.833000  0.014000  
2459138.045770  13.787000  0.013000  
2459138.047010  13.750000  0.012000  
2459138.048250  13.727000  0.012000  
2459142.040040  13.814000  0.014000  
2459142.041280  13.816000  0.014000  
2459142.042520  13.808000  0.014000  
2459142.062640  13.816000  0.013000  
2459142.063880  13.810000  0.014000  
2459142.065120  13.850000  0.016000  
2459144.939300  13.694000  0.017000  
2459144.940520  13.755000  0.017000  
2459144.941750  13.761000  0.017000  
2459146.735290  13.755000  0.019000  
2459146.736500  13.760000  0.020000  
2459146.748750  13.800000  0.021000  
2459146.749950  13.757000  0.019000  
2459146.751180  13.741000  0.018000  
2459148.811850  13.768000  0.023000  
2459148.813100  13.802000  0.023000  
2459148.814350  13.716000  0.020000  
2459155.719500  13.807000  0.032000  
2459155.720720  13.755000  0.029000  
2459155.721930  13.853000  0.034000  
2459159.027160  13.828000  0.019000  
2459159.028410  13.757000  0.024000  
2459160.934940  13.753000  0.021000  
2459160.936170  13.790000  0.020000  
2459160.937390  13.766000  0.021000  
2459161.781880  13.811000  0.014000  
2459161.783130  13.781000  0.014000  
2459161.784370  13.807000  0.014000  
2459162.000700  13.784000  0.023000  
2459162.001920  13.810000  0.023000  
2459162.003130  13.764000  0.022000  
2459163.890080  13.765000  0.018000  
2459163.891300  13.825000  0.019000  
2459163.892510  13.819000  0.018000  
2459163.899540  13.816000  0.019000  
2459163.900760  13.800000  0.018000  
2459163.901970  13.767000  0.018000  
2459167.771710  13.825000  0.014000  
2459167.772970  13.785000  0.014000  
2459167.774220  13.788000  0.015000  
2459169.607000  13.758000  0.018000  
2459169.608230  13.786000  0.018000  
2459169.609440  13.766000  0.018000  
2459169.926240  13.807000  0.013000  
2459169.927490  13.858000  0.014000  
2459169.928730  13.834000  0.013000  
2459171.668050  13.793000  0.017000  
2459171.669270  13.783000  0.018000  
2459171.670490  13.793000  0.017000  
2459173.873010  13.811000  0.014000  
2459173.874250  13.820000  0.014000  
2459173.875490  13.804000  0.014000  
2459173.937690  13.813000  0.013000  
2459173.938930  13.823000  0.013000  
2459173.940180  13.786000  0.013000  
2459179.775410  13.753000  0.023000  
2459179.776660  13.774000  0.027000  
2459179.777910  13.815000  0.025000  
2459181.674100  13.814000  0.031000  
2459181.675340  13.800000  0.030000  
2459181.676560  13.859000  0.030000  
2459182.865750  13.813000  0.031000  
2459182.866990  13.772000  0.027000  
2459182.868240  13.771000  0.032000  
2459182.926360  13.855000  0.036000  
2459182.927610  13.827000  0.033000  
2459182.928850  13.787000  0.029000  
2459182.945440  13.728000  0.028000  
2459182.946690  13.837000  0.035000  
2459182.947920  13.771000  0.030000  
2459184.886590  13.841000  0.031000  
2459184.887820  13.868000  0.034000  
2459184.889060  13.780000  0.031000  
2459185.879050  13.855000  0.024000  
2459185.880300  13.828000  0.026000  
2459185.881540  13.779000  0.024000  
2459188.955180  13.770000  0.019000  
2459188.956420  13.761000  0.017000  
2459188.957660  13.714000  0.018000  
2459189.985710  13.767000  0.017000  
2459189.986950  13.741000  0.017000  
2459190.709350  13.766000  0.016000  
2459190.710570  13.770000  0.016000  
2459190.711790  13.811000  0.017000  
2459190.857630  13.787000  0.018000  
2459190.858840  13.790000  0.018000  
2459190.860060  13.763000  0.019000  
2459192.874380  13.817000  0.014000  
2459192.875620  13.838000  0.014000  
2459192.876870  13.841000  0.014000  
2459192.904740  13.842000  0.014000  
2459192.905990  13.825000  0.013000  
2459192.907230  13.853000  0.014000  
2459192.957980  13.838000  0.014000  
2459192.959210  13.827000  0.014000  
2459192.960450  13.767000  0.013000  
2459195.797430  13.800000  0.013000  
2459195.798680  13.809000  0.013000  
2459195.799920  13.812000  0.013000  
2459197.601690  13.758000  0.017000  
2459197.602900  13.754000  0.016000  
2459197.604120  13.746000  0.017000  
2459197.792070  13.758000  0.017000  
2459197.793290  13.763000  0.016000  
2459197.794520  13.756000  0.016000  
2459200.814020  13.843000  0.013000  
2459200.815270  13.837000  0.013000  
2459200.816510  13.838000  0.014000  
2459200.848080  13.828000  0.013000  
2459200.849330  13.819000  0.013000  
2459200.850580  13.828000  0.013000  
2459200.874570  13.822000  0.013000  
2459200.875810  13.818000  0.013000  
2459200.877050  13.836000  0.013000  
2459202.745340  13.747000  0.022000  
2459202.746580  13.775000  0.023000  
2459202.747790  13.770000  0.023000  
2459202.782730  13.769000  0.017000  
2459202.783960  13.782000  0.017000  
2459202.785180  13.781000  0.017000  
2459202.812500  13.775000  0.017000  
2459202.813720  13.781000  0.017000  
2459202.814940  13.799000  0.017000  
2459204.544680  13.769000  0.025000  
2459204.545910  13.741000  0.025000  
2459204.547150  13.729000  0.023000  
2459204.595860  13.743000  0.017000  
2459204.597090  13.754000  0.018000  
2459204.598310  13.748000  0.017000  
2459206.789570  13.829000  0.016000  
2459206.790810  13.866000  0.018000  
2459206.792050  13.851000  0.017000  
2459206.831400  13.849000  0.017000  
2459206.832650  13.835000  0.016000  
2459206.833900  13.863000  0.018000  
2459208.704710  13.808000  0.022000  
2459208.705930  13.808000  0.024000  
2459208.707160  13.822000  0.029000  
2459208.719620  13.768000  0.020000  
2459208.720840  13.789000  0.022000  
2459208.722080  13.819000  0.022000  
2459209.813530  13.753000  0.025000  
2459209.814760  13.783000  0.025000  
2459209.816010  13.771000  0.026000  
2459215.876490  13.848000  0.032000  
2459216.830270  13.782000  0.020000  
2459216.831520  13.766000  0.019000  
2459216.832770  13.770000  0.019000  
2459217.803190  13.793000  0.024000  
2459217.804430  13.704000  0.023000  
2459217.805670  13.709000  0.025000  
2459218.574770  13.822000  0.113000  
2459218.576000  13.845000  0.046000  
2459218.577220  13.678000  0.028000  
2459218.732660  13.762000  0.018000  
2459218.733880  13.764000  0.020000  
2459218.735090  13.777000  0.018000  
2459219.818460  13.737000  0.019000  
2459219.819680  13.770000  0.020000  
2459219.820890  13.773000  0.020000  
2459220.744180  13.772000  0.017000  
2459220.745410  13.780000  0.017000  
2459220.746640  13.756000  0.017000  
2459222.807470  13.835000  0.014000  
2459222.808730  13.845000  0.014000  
2459222.809980  13.844000  0.014000  
2459222.834370  13.842000  0.014000  
2459222.835610  13.762000  0.013000  
2459222.836870  13.819000  0.013000  
2459223.819450  13.781000  0.018000  
2459223.820690  13.770000  0.018000  
2459223.821910  13.797000  0.018000  
2459226.864350  13.811000  0.014000  
2459226.865590  13.830000  0.014000  
2459226.866840  13.797000  0.014000  
2459226.871930  13.787000  0.013000  
2459226.873180  13.786000  0.014000  
2459226.874440  13.802000  0.014000  
2459229.763530  13.785000  0.013000  
2459229.764780  13.841000  0.014000  
2459229.766050  13.812000  0.013000  
2459230.759600  13.804000  0.017000  
2459230.760840  13.762000  0.016000  
2459230.762060  13.786000  0.017000  
2459232.612740  13.782000  0.017000  
2459232.613960  13.775000  0.017000  
2459232.615200  13.763000  0.016000  
2459233.729060  13.786000  0.018000  
2459233.730280  13.751000  0.017000  
2459233.731500  13.756000  0.017000  
2459233.758840  13.724000  0.017000  
2459233.760070  13.762000  0.018000  
2459233.761300  13.777000  0.018000  
2459233.811630  13.769000  0.018000  
2459233.812850  13.760000  0.018000  
2459233.814080  13.756000  0.018000  
2459242.765550  13.784000  0.027000  
2459242.766810  13.804000  0.031000  
2459242.768060  13.759000  0.030000  
2459244.814200  13.813000  0.022000  
2459244.815450  13.828000  0.025000  
2459244.816720  13.833000  0.023000  
2459245.716560  13.811000  0.024000  
2459245.717790  13.756000  0.024000  
2459245.719020  13.762000  0.023000  
2459251.769820  13.850000  0.013000  
2459251.771060  13.823000  0.013000  
2459251.772300  13.824000  0.014000  
2459252.757160  13.786000  0.018000  
2459252.758380  13.794000  0.018000  
2459252.759630  13.827000  0.018000  
2459254.749540  13.633000  0.077000  
2459254.750760  13.834000  0.165000  
2459255.724250  13.790000  0.014000  
2459255.725510  13.788000  0.014000  
2459255.726750  13.819000  0.014000  
2459256.726600  13.760000  0.020000  
2459256.727830  13.736000  0.018000  
2459256.729060  13.782000  0.019000  
2459258.784830  13.810000  0.014000  
2459258.786080  13.789000  0.014000  
2459258.787340  13.795000  0.014000  
2459267.757310  13.798000  0.020000  
2459267.758560  13.839000  0.021000  
2459267.759800  13.771000  0.019000  
2459269.640630  13.803000  0.023000  
2459269.641860  13.797000  0.026000  
2459269.643080  13.664000  0.023000  
2459269.667700  13.778000  0.027000  
2459269.668920  13.753000  0.028000  
2459269.670150  13.789000  0.028000  
2459271.639650  13.720000  0.032000  
2459271.640880  13.746000  0.031000  
2459271.642080  13.745000  0.031000  
2459271.654460  13.830000  0.036000  
2459271.655680  13.858000  0.035000  
2459271.656900  13.785000  0.033000  
2459277.740430  13.794000  0.014000  
2459277.741670  13.765000  0.014000  
2459277.742920  13.768000  0.013000  
2459283.673150  13.849000  0.100000  
2459283.674370  13.780000  0.079000  
2459283.675590  13.720000  0.076000  
2459291.602100  13.746000  0.020000  
2459294.608440  13.774000  0.026000  
2459294.609680  13.768000  0.025000  
2459294.610900  13.807000  0.024000  
2459297.621530  13.670000  0.027000  
2459297.622770  13.760000  0.034000  
2459297.624000  13.833000  0.035000  
2459299.622260  13.666000  0.032000  
2459299.623470  13.722000  0.031000  
2459299.624710  13.749000  0.028000  
2459301.623040  13.753000  0.047000  
2459301.624260  13.705000  0.043000  
2459303.617610  13.780000  0.042000  
2459303.618830  13.854000  0.042000  
2459303.620050  13.941000  0.054000  
2459305.605620  13.771000  0.021000  
2459305.606840  13.763000  0.021000  
2459305.608060  13.729000  0.021000  
2459399.113910  13.875000  0.036000  
2459401.113690  13.861000  0.031000  
2459401.114970  13.839000  0.035000  
2459404.098630  13.789000  0.016000  
2459404.099880  13.778000  0.015000  
2459404.101150  13.780000  0.016000  
2459406.953200  13.807000  0.031000  
2459406.954450  13.790000  0.039000  
2459411.078830  13.749000  0.015000  
2459411.080090  13.726000  0.014000  
2459411.081360  13.777000  0.015000  
2459415.086100  13.809000  0.016000  
2459415.087370  13.760000  0.015000  
2459415.088650  13.774000  0.016000  
2459421.071790  13.794000  0.033000  
2459421.073050  13.819000  0.031000  
2459421.074300  13.809000  0.032000  
2459422.915630  13.738000  0.028000  
2459422.916870  13.729000  0.026000  
2459422.918110  13.773000  0.026000  
2459423.965200  13.586000  0.108000  
2459426.059960  13.771000  0.019000  
2459426.061220  13.812000  0.019000  
2459426.062480  13.793000  0.019000  
2459427.920620  13.740000  0.021000  
2459427.921860  13.778000  0.021000  
2459427.923100  13.816000  0.026000  
2459430.895580  13.871000  0.029000  
2459430.896820  13.736000  0.024000  
2459430.898060  13.782000  0.027000  
2459431.899830  13.744000  0.020000  
2459431.901080  13.767000  0.020000  
2459431.902330  13.774000  0.021000  
2459432.897410  13.755000  0.020000  
2459432.898650  13.776000  0.021000  
2459432.899890  13.738000  0.020000  
2459433.886720  13.737000  0.027000  
2459433.887970  13.737000  0.025000  
2459433.889200  13.714000  0.025000  
2459434.897900  13.819000  0.037000  
2459434.899140  13.730000  0.028000  
2459434.900400  13.799000  0.027000  
2459435.889960  13.809000  0.026000  
2459435.891180  13.792000  0.027000  
2459435.892420  13.853000  0.034000  
2459436.889220  13.815000  0.020000  
2459436.890460  13.795000  0.019000  
2459436.891710  13.780000  0.019000  
2459438.042720  13.814000  0.014000  
2459438.043980  13.812000  0.015000  
2459438.045240  13.786000  0.014000  
2459440.035150  13.764000  0.016000  
2459440.036400  13.759000  0.014000  
2459440.037660  13.779000  0.015000  
2459442.006340  13.739000  0.014000  
2459442.007600  13.781000  0.014000  
2459442.008870  13.770000  0.015000  
2459443.013430  13.774000  0.014000  
2459443.014690  13.789000  0.014000  
2459443.015960  13.807000  0.014000  
2459445.013240  13.831000  0.015000  
2459445.014510  13.820000  0.016000  
2459445.015760  13.838000  0.015000  
2459447.984440  13.711000  0.038000  
2459447.985700  13.673000  0.030000  
2459447.986960  13.707000  0.032000  
2459449.848320  13.752000  0.033000  
2459449.849560  13.783000  0.036000  
2459449.850800  13.772000  0.034000  
2459451.931540  13.792000  0.025000  
2459451.932780  13.897000  0.027000  
2459451.934010  13.810000  0.026000  
2459452.915760  13.764000  0.024000  
2459452.916980  13.768000  0.023000  
2459452.918230  13.785000  0.025000  
2459453.842880  13.772000  0.027000  
2459453.844110  13.803000  0.026000  
2459453.845340  13.753000  0.024000  
2459454.840650  13.789000  0.031000  
2459454.841910  13.737000  0.029000  
2459454.843160  13.702000  0.028000  
2459458.032000  13.779000  0.015000  
2459458.033250  13.790000  0.022000  
2459458.034530  13.810000  0.018000  
2459464.962040  13.799000  0.014000  
2459464.963290  13.804000  0.015000  
2459464.964550  13.793000  0.014000  
2459465.835370  13.832000  0.019000  
2459465.836610  13.793000  0.019000  
2459465.837840  13.786000  0.019000  
2459466.797130  13.789000  0.020000  
2459466.798400  13.816000  0.021000  
2459466.799650  13.825000  0.020000  
2459468.023040  13.792000  0.014000  
2459468.024290  13.829000  0.014000  
2459468.025550  13.785000  0.013000  
2459471.002740  13.779000  0.014000  
2459471.004010  13.770000  0.013000  
2459471.005260  13.799000  0.013000  
2459472.954200  13.767000  0.018000  
2459472.955460  13.771000  0.017000  
2459472.956700  13.766000  0.018000  
2459473.913790  13.774000  0.017000  
2459473.915010  13.742000  0.018000  
2459473.916240  13.742000  0.017000  
2459477.138890  13.782000  0.015000  
2459477.140150  13.780000  0.015000  
2459477.141400  13.754000  0.018000  
2459478.782790  13.729000  0.047000  
2459478.784030  13.697000  0.050000  
2459480.999000  13.834000  0.025000  
2459481.000260  13.833000  0.022000  
2459481.001520  13.760000  0.024000  
2459481.827620  13.942000  0.045000  
2459481.828880  13.982000  0.090000  
2459482.987580  13.748000  0.027000  
2459482.988820  13.770000  0.032000  
2459482.990050  13.739000  0.031000  
2459489.882800  13.814000  0.015000  
2459489.884040  13.797000  0.014000  
2459489.885320  13.808000  0.014000  
2459491.043240  13.820000  0.014000  
2459491.044510  13.777000  0.013000  
2459491.045760  13.785000  0.014000  
2459491.751310  13.758000  0.022000  
2459491.752550  13.788000  0.023000  
2459491.753790  13.756000  0.023000  
2459492.078220  13.799000  0.013000  
2459492.079480  13.778000  0.013000  
2459492.080740  13.795000  0.013000  
2459493.986510  13.775000  0.018000  
2459493.987760  13.762000  0.017000  
2459493.989000  13.783000  0.018000  
2459496.865190  13.779000  0.015000  
2459496.866460  13.782000  0.015000  
2459496.867720  13.791000  0.015000  
2459497.752380  13.762000  0.018000  
2459497.753620  13.793000  0.018000  
2459497.754860  13.749000  0.017000  
2459497.836640  13.811000  0.019000  
2459497.837890  13.766000  0.017000  
2459497.839120  13.784000  0.017000  
2459497.859290  13.738000  0.016000  
2459497.860540  13.774000  0.017000  
2459497.861790  13.777000  0.018000  
2459498.714900  13.786000  0.018000  
2459498.716150  13.768000  0.019000  
2459498.717400  13.761000  0.018000  
2459498.897960  13.747000  0.017000  
2459498.899200  13.748000  0.017000  
2459498.900460  13.756000  0.016000  
2459501.838270  13.811000  0.022000  
2459501.839540  13.807000  0.022000  
2459501.840800  13.811000  0.022000  
2459502.811390  13.823000  0.021000  
2459502.812620  13.761000  0.019000  
2459502.813870  13.794000  0.020000  
2459503.824370  13.810000  0.025000  
2459503.825610  13.815000  0.029000  
2459503.826850  13.745000  0.027000  
2459503.885300  13.799000  0.018000  
2459503.886550  13.789000  0.018000  
2459503.887840  13.806000  0.017000  
2459504.855320  13.830000  0.027000  
2459504.856570  13.812000  0.024000  
2459504.857810  13.798000  0.025000  
2459504.904650  13.827000  0.022000  
2459504.905920  13.796000  0.022000  
2459504.907180  13.770000  0.024000  
2459505.924580  13.896000  0.031000  
2459505.925850  13.817000  0.043000  
2459505.927100  13.822000  0.041000  
2459507.947080  13.782000  0.028000  
2459507.948360  13.765000  0.034000  
2459507.949620  13.809000  0.033000  
2459507.970160  13.800000  0.030000  
2459507.971430  13.767000  0.031000  
2459507.972670  13.789000  0.031000  
2459508.935050  13.803000  0.034000  
2459508.936310  13.860000  0.031000  
2459508.937580  13.738000  0.033000  
2459508.958020  13.797000  0.030000  
2459508.959270  13.805000  0.034000  
2459508.960530  13.826000  0.036000  
2459512.674380  13.775000  0.026000  
2459512.675610  13.812000  0.025000  
2459512.676860  13.812000  0.026000  
2459512.827840  13.735000  0.023000  
2459512.829110  13.820000  0.023000  
2459512.830350  13.766000  0.023000  
2459513.859850  13.772000  0.021000  
2459513.861080  13.743000  0.022000  
2459513.862330  13.742000  0.023000  
2459516.086200  13.765000  0.018000  
2459516.087460  13.799000  0.017000  
2459516.088730  13.789000  0.018000  
2459517.735950  13.815000  0.018000  
2459517.737210  13.778000  0.017000  
2459517.738440  13.790000  0.018000  
2459517.758570  13.804000  0.017000  
2459517.759810  13.797000  0.017000  
2459517.761060  13.821000  0.018000  
2459519.667070  13.799000  0.018000  
2459519.668320  13.789000  0.018000  
2459519.669550  13.825000  0.019000  
2459520.788220  13.741000  0.017000  
2459520.789470  13.760000  0.017000  
2459520.790720  13.784000  0.017000  
2459520.837900  13.782000  0.017000  
2459520.839150  13.780000  0.017000  
2459520.840380  13.770000  0.017000  
2459522.930630  13.780000  0.013000  
2459522.931880  13.792000  0.014000  
2459522.933150  13.759000  0.013000  
2459524.930080  13.822000  0.014000  
2459524.931340  13.770000  0.013000  
2459524.932600  13.809000  0.014000  
2459526.060710  13.769000  0.014000  
2459526.061960  13.795000  0.014000  
2459526.063220  13.792000  0.014000  
2459526.633700  13.773000  0.017000  
2459526.634940  13.777000  0.018000  
2459526.636200  13.815000  0.019000  
2459526.960210  13.795000  0.014000  
2459526.961470  13.789000  0.013000  
2459526.962730  13.787000  0.013000  
2459529.004040  13.768000  0.019000  
2459529.005290  13.757000  0.019000  
2459529.006520  13.784000  0.019000  
2459530.808980  13.800000  0.027000  
2459530.810250  13.796000  0.022000  
2459530.811510  13.789000  0.023000  
2459530.828270  13.766000  0.019000  
2459530.829520  13.798000  0.019000  
2459530.830780  13.800000  0.017000  
2459531.868280  13.808000  0.018000  
2459531.869540  13.807000  0.018000  
2459531.870770  13.780000  0.017000  
2459531.944110  13.830000  0.019000  
2459531.945340  13.788000  0.018000  
2459531.946590  13.784000  0.018000  
2459533.612330  13.804000  0.028000  
2459533.613590  13.773000  0.026000  
2459533.614810  13.806000  0.025000  
2459533.777500  13.807000  0.020000  
2459533.778740  13.845000  0.025000  
2459533.779990  13.770000  0.022000  
2459534.894670  13.770000  0.025000  
2459534.895910  13.779000  0.025000  
2459534.897170  13.790000  0.025000  
2459540.018240  13.829000  0.032000  
2459540.019500  13.835000  0.033000  
2459540.020760  13.833000  0.031000  
2459541.017030  13.820000  0.026000  
2459541.018280  13.807000  0.025000  
2459541.019560  13.756000  0.026000  
2459542.943220  13.803000  0.018000  
2459542.944490  13.761000  0.017000  
2459542.945740  13.782000  0.018000  
2459543.725760  13.727000  0.018000  
2459543.726980  13.758000  0.020000  
2459543.728220  13.767000  0.019000  
2459546.997550  13.796000  0.015000  
2459546.998820  13.828000  0.015000  
2459547.000070  13.755000  0.014000  
2459547.652290  13.855000  0.018000  
2459547.653510  13.814000  0.018000  
2459547.654760  13.820000  0.018000  
2459547.804370  13.824000  0.017000  
2459547.805610  13.801000  0.018000  
2459547.806870  13.811000  0.017000  
2459547.850040  13.834000  0.017000  
2459547.851270  13.808000  0.018000  
2459547.852500  13.810000  0.017000  
2459550.568420  13.787000  0.020000  
2459550.569650  13.773000  0.018000  
2459550.570890  13.824000  0.020000  
2459550.590680  13.797000  0.018000  
2459550.591920  13.769000  0.018000  
2459550.593160  13.789000  0.018000  
2459554.658850  13.851000  0.018000  
2459554.660090  13.765000  0.017000  
2459554.661330  13.786000  0.018000  
2459555.805640  13.795000  0.018000  
2459555.806890  13.800000  0.018000  
2459555.808110  13.775000  0.019000  
2459557.839640  13.985000  0.204000  
2459557.840880  13.760000  0.136000  
2459557.842130  13.661000  0.111000  
2459568.681040  13.749000  0.031000  
2459568.682280  13.797000  0.030000  
2459568.683540  13.710000  0.030000  
2459570.761360  13.774000  0.029000  
2459570.762600  13.815000  0.045000  
2459570.763860  13.777000  0.026000  
2459570.819820  13.770000  0.026000  
2459570.821060  13.813000  0.027000  
2459570.822310  13.761000  0.024000  
2459575.660650  13.821000  0.019000  
2459575.661900  13.770000  0.018000  
2459575.663140  13.791000  0.018000  
2459576.809760  13.806000  0.019000  
2459576.811000  13.756000  0.022000  
2459576.812230  13.788000  0.022000  
2459586.880860  13.770000  0.013000  
2459586.882130  13.787000  0.013000  
2459586.883380  13.773000  0.013000  
2459588.842660  13.796000  0.016000  
2459588.843930  13.765000  0.015000  
2459588.845210  13.784000  0.015000  
2459595.791110  13.763000  0.029000  
2459595.792380  13.822000  0.029000  
2459595.793640  13.808000  0.027000  
2459597.781670  13.717000  0.039000  
2459597.782910  13.824000  0.041000  
2459597.784150  13.830000  0.039000  
2459600.847110  13.784000  0.019000  
2459600.848370  13.744000  0.020000  
2459600.849640  13.751000  0.020000  
2459601.804400  13.757000  0.027000  
2459601.805650  13.747000  0.028000  
2459601.806870  13.782000  0.028000  
2459602.806070  13.720000  0.025000  
2459603.834700  13.781000  0.014000  
2459603.835960  13.797000  0.014000  
2459603.837230  13.784000  0.014000  
2459606.831650  13.835000  0.015000  
2459606.832920  13.820000  0.015000  
2459606.834180  13.811000  0.014000  
2459607.712770  13.795000  0.019000  
2459607.714010  13.794000  0.018000  
2459607.715250  13.821000  0.018000  
2459608.718270  13.801000  0.018000  
2459608.719510  13.812000  0.017000  
2459608.720750  13.794000  0.018000  
2459610.788610  13.805000  0.014000  
2459610.789880  13.765000  0.013000  
2459610.791150  13.803000  0.013000  
2459610.807960  13.784000  0.013000  
2459610.809220  13.778000  0.014000  
2459610.810490  13.809000  0.014000  
2459611.755330  13.792000  0.038000  
2459616.807710  13.682000  0.014000  
2459616.808960  13.775000  0.014000  
2459616.810230  13.768000  0.015000  
2459622.776390  13.836000  0.022000  
2459622.777660  13.835000  0.022000  
2459622.778920  13.910000  0.026000  
2459623.743100  13.797000  0.027000  
2459623.744340  13.874000  0.032000  
2459623.745600  13.924000  0.033000  
2459624.710080  13.808000  0.029000  
2459624.711330  13.758000  0.027000  
2459624.712590  13.687000  0.026000  
2459625.739510  13.782000  0.034000  
2459625.740740  13.876000  0.035000  
2459625.742010  13.717000  0.041000  
2459628.797460  13.818000  0.025000  
2459628.798720  13.813000  0.024000  
2459628.799990  13.800000  0.021000  
2459631.758460  13.727000  0.013000  
2459631.759730  13.751000  0.013000  
2459631.760990  13.781000  0.014000  
2459633.762840  13.806000  0.015000  
2459633.764100  13.787000  0.014000  
2459633.765360  13.775000  0.014000  
2459637.728920  13.830000  0.015000  
2459637.730170  13.813000  0.015000  
2459637.731420  13.805000  0.014000  
2459643.725950  13.786000  0.018000  
2459643.727220  13.805000  0.017000  
2459643.728480  13.767000  0.015000  
2459644.671560  13.759000  0.017000  
2459644.672800  13.747000  0.017000  
2459644.674030  13.783000  0.017000  
2459650.605390  13.840000  0.024000  
2459650.607870  13.840000  0.026000  
2459655.653950  13.806000  0.034000  
2459655.655190  13.788000  0.032000  
2459655.656430  13.770000  0.038000  
2459658.640480  13.788000  0.031000  
2459658.641720  13.825000  0.032000  
2459658.642950  13.792000  0.029000  
2459661.636240  13.781000  0.019000  
2459661.637480  13.721000  0.017000  
2459661.638720  13.749000  0.018000  
2459664.611170  13.795000  0.023000  
2459664.612410  13.814000  0.023000  
2459664.613660  13.785000  0.020000  
2459665.615320  13.820000  0.018000  
2459665.616580  13.808000  0.018000  
2459665.617830  13.823000  0.018000  
2459670.612070  13.751000  0.018000  
2459670.613310  13.724000  0.018000  
2459670.614550  13.783000  0.019000  
2459672.599240  13.783000  0.019000  
2459672.600480  13.759000  0.019000  
2459672.601720  13.762000  0.018000  
2459677.587010  13.746000  0.047000  
2459677.588240  13.676000  0.041000  
2459677.589490  13.674000  0.036000  
2459765.113880  13.601000  0.048000  
2459766.110020  13.568000  0.019000  
2459766.111300  13.571000  0.021000  
2459766.112560  13.573000  0.023000  
2459770.106180  13.606000  0.015000  
2459770.107440  13.586000  0.015000  
2459770.108710  13.604000  0.016000  
2459772.945430  13.541000  0.019000  
2459772.946670  13.602000  0.018000  
2459772.947920  13.586000  0.021000  
2459780.078300  13.560000  0.017000  
2459780.079570  13.511000  0.017000  
2459780.080820  13.527000  0.017000  
2459786.063070  13.524000  0.013000  
2459786.064340  13.481000  0.012000  
2459786.065600  13.507000  0.013000  
2459790.052830  13.431000  0.013000  
2459790.054070  13.418000  0.013000  
2459790.055340  13.441000  0.013000  
2459791.918260  13.365000  0.014000  
2459791.919510  13.439000  0.015000  
2459791.920750  13.464000  0.015000  
2459793.053400  13.435000  0.012000  
2459793.054660  13.433000  0.012000  
2459793.055940  13.426000  0.012000  
2459796.050190  13.340000  0.012000  
2459796.051470  13.356000  0.013000  
2459800.024810  13.349000  0.012000  
2459800.026080  13.327000  0.012000  
2459800.027340  13.318000  0.011000  
2459800.919990  13.249000  0.013000  
2459801.884380  13.260000  0.023000  
2459801.885620  13.221000  0.023000  
2459801.886860  13.279000  0.022000  
2459802.911580  13.204000  0.022000  
2459802.912800  13.175000  0.022000  
2459802.914040  13.220000  0.023000  
2459806.002860  13.238000  0.017000  
2459806.004110  13.294000  0.019000  
2459806.005370  13.291000  0.019000  
2459808.029930  13.308000  0.016000  
2459808.031180  13.313000  0.017000  
2459808.032430  13.305000  0.015000  
